303 Hlaðhamar Meðalhiti
nr	ar	 man	   t	mat
303	1882	12	-5.1	3
303	1883	 1	-2.8	3
303	1883	 2	-2.1	3
303	1883	 3	-2.3	3
303	1883	 4	 1.9	3
303	1883	 5	 1.6	3
303	1883	 6	 6.2	3
303	1883	 7	 6.0	3
303	1883	 8	 6.8	3
303	1883	 9	 7.3	3
303	1883	10	 3.2	3
303	1883	11	 0.5	3
303	1883	12	-1.5	3
303	1884	 1	-4.3	3
303	1884	 2	-1.3	3
303	1884	 3	 0.9	3
303	1884	 4	 2.2	3
303	1884	 5	 2.6	3
303	1884	 6	 7.8	3
303	1884	 7	 8.6	3
303	1884	 8	 9.2	3
303	1884	 9	 6.7	3
303	1884	10	 1.4	3
303	1884	11	-0.4	3
303	1884	12	-1.9	3
303	1885	 1	-0.9	3
303	1885	 2	-7.7	3
303	1885	 3	-4.2	3
303	1885	 4	-2.0	3
303	1885	 5	 1.8	3
303	1885	 6	 5.5	3
303	1885	 7	 7.5	3
303	1885	 8	 9.2	3
303	1885	 9	 6.2	3
303	1885	10	 0.9	3
303	1885	11	-1.4	3
303	1885	12	-4.2	3
303	1886	 1	-7.7	3
303	1886	 2	-4.7	3
303	1886	 3	-4.1	3
303	1886	 4	-1.8	3
303	1886	 5	 0.8	3
303	1886	 6	 4.2	3
303	1886	 7	 6.3	3
303	1886	 8	 6.5	3
303	1886	 9	 6.1	3
303	1886	10	 3.9	3
303	1886	11	-0.2	3
303	1886	12	-5.5	3
303	1887	 1	-3.2	3
303	1887	 2	-3.2	3
303	1887	 3	-3.9	3
303	1887	 4	-2.9	3
303	1887	 5	 2.4	3
303	1887	 6	 6.7	3
303	1887	 7	 5.5	3
303	1887	 8	 5.7	3
303	1887	 9	 5.3	3
303	1887	10	 1.6	3
303	1887	11	-3.5	3
303	1887	12	-5.8	3
303	1888	 1	-2.5	3
303	1888	 2	-3.0	3
303	1888	 3	-5.8	3
303	1888	 4	-1.1	3
303	1888	 5	 0.3	3
303	1888	 6	 6.5	3
303	1888	 7	 6.2	3
303	1888	 8	 6.7	3
303	1888	 9	 6.0	3
303	1888	10	 2.1	3
303	1888	11	-0.4	3
303	1888	12	-2.0	3
303	1889	 1	-3.5	3
303	1889	 2	-6.5	3
303	1889	 3	-3.6	3
303	1889	 4	-0.2	3
303	1889	 5	 5.5	3
303	1889	 6	 8.5	3
303	1889	 7	10.2	3
303	1889	 8	 9.6	3
303	1889	 9	 7.8	3
303	1889	10	 4.0	3
303	1889	11	 1.2	3
303	1889	12	-1.7	3
303	1890	 1	-3.0	3
303	1890	 2	-1.4	3
303	1890	 3	-3.5	3
303	1890	 4	 0.6	3
303	1890	 5	 4.3	3
303	1890	 6	 6.3	3
303	1890	 7	 8.6	3
303	1890	 8	 8.8	3
303	1890	 9	 6.0	3
303	1890	10	 2.2	3
303	1890	11	-0.6	3
303	1890	12	 0.2	3
303	1891	 1	-2.4	3
303	1891	 2	-0.6	3
303	1891	 3	-6.0	3
303	1891	 4	 0.7	3
303	1891	 5	 2.8	3
303	1891	 6	 9.5	3
303	1891	 7	10.2	3
303	1891	 8	 7.7	3
303	1891	 9	 5.4	3
303	1891	10	 3.6	3
303	1891	11	-1.7	3
303	1891	12	-3.0	3
303	1892	 1	-5.8	3
303	1892	 2	-9.3	3
303	1892	 3	-6.6	3
303	1892	 4	-1.9	3
303	1892	 5	 0.6	3
303	1892	 6	 5.5	3
303	1892	 7	 7.7	3
303	1892	 8	 6.8	3
303	1892	 9	 4.9	3
303	1892	10	 2.0	3
303	1892	11	-2.0	3
303	1892	12	-5.0	3
303	1893	 1	-3.7	3
303	1893	 2	-4.5	3
303	1893	 3	-2.8	3
303	1893	 4	 1.7	3
303	1893	 5	 5.2	3
303	1893	 6	 7.8	3
303	1893	 7	 9.4	3
303	1893	 8	 9.7	3
303	1893	 9	 5.4	3
303	1893	10	 0.8	3
303	1893	11	-2.4	3
303	1893	12	-5.6	3
303	1899	 1	-4.2	3
303	1899	 2	-3.4	3
303	1899	 3	-6.3	3
303	1899	 4	-3.4	3
303	1899	 5	 3.5	3
303	1899	 6	 6.7	3
303	1899	 7	 8.0	3
303	1899	 8	 8.8	3
303	1899	 9	 4.3	3
303	1899	10	 0.8	3
303	1899	11	-2.1	3
303	1899	12	-2.4	3
303	1900	 1	-2.4	2
303	1900	 2	-5.0	2
303	1900	 3	-2.6	2
303	1900	 4	-0.5	2
303	1900	 5	 2.7	2
303	1900	 6	 7.6	2
303	1900	 7	 9.0	2
303	1900	 8	 9.4	2
303	1900	 9	 6.4	2
303	1900	10	 1.2	2
303	1900	11	-0.9	2
303	1900	12	-2.5	2
303	1901	 1	-1.6	2
303	1901	 2	  NA	2
303	1901	 3	  NA	2
303	1901	 4	  NA	2
303	1901	 5	  NA	2
303	1901	 6	  NA	2
303	1901	 7	  NA	2
303	1901	 8	  NA	2
303	1901	 9	  NA	2
303	1901	10	  NA	2
303	1901	11	  NA	2
303	1901	12	  NA	2
303	1911	 1	-3.0	3
303	1911	 2	-4.0	3
303	1911	 3	-1.4	3
303	1911	 4	-0.5	3
303	1911	 5	 4.7	3
303	1911	 6	 6.5	3
303	1911	 7	 8.3	3
303	1911	 8	 7.4	3
303	1911	 9	 5.0	3
303	1911	10	 3.4	3
303	1911	11	-0.3	3
303	1911	12	-0.6	3
303	1912	 1	-1.3	3
303	1912	 2	-4.8	3
303	1912	 3	-2.4	3
303	1912	 4	 0.9	3
303	1912	 5	 4.8	3
303	1912	 6	 7.2	3
303	1912	 7	 9.2	3
303	1912	 8	 5.7	3
303	1912	 9	 7.3	3
303	1912	10	 3.2	3
303	1912	11	-2.5	3
303	1912	12	-2.9	3
303	1913	 1	-1.9	3
303	1913	 2	-0.9	3
303	1913	 3	-4.0	3
303	1913	 4	 1.2	3
303	1913	 5	 3.5	3
303	1913	 6	 6.3	3
303	1913	 7	10.2	3
303	1913	 8	 9.2	3
303	1913	 9	 7.0	3
303	1913	10	 1.7	3
303	1913	11	-2.0	3
303	1913	12	-2.5	3
303	1914	 1	-0.2	3
303	1914	 2	-4.9	3
303	1914	 3	-5.1	3
303	1914	 4	-2.0	3
303	1914	 5	 1.4	3
303	1914	 6	 6.7	3
303	1914	 7	 7.6	3
303	1914	 8	 8.8	3
303	1914	 9	 5.8	3
303	1914	10	 3.6	3
303	1914	11	-3.4	3
303	1914	12	-2.5	3
303	1915	 1	-2.2	3
303	1915	 2	-4.5	3
303	1915	 3	-4.8	3
303	1915	 4	 0.3	3
303	1915	 5	 3.0	3
303	1915	 6	 5.8	3
303	1915	 7	 5.4	3
303	1915	 8	 8.0	3
303	1915	 9	 5.6	3
303	1915	10	 6.2	3
303	1915	11	 0.5	3
303	1915	12	-2.9	3
303	1916	 1	-2.8	3
303	1916	 2	-2.2	3
303	1916	 3	-3.0	3
303	1916	 4	-2.1	3
303	1916	 5	 1.9	3
303	1916	 6	 8.0	3
303	1916	 7	 9.9	3
303	1916	 8	10.1	3
303	1916	 9	 6.8	3
303	1916	10	 3.6	3
303	1916	11	-0.3	3
303	1916	12	-4.5	3
303	1917	 1	-1.4	3
303	1917	 2	-0.7	3
303	1917	 3	-0.6	3
303	1917	 4	-3.4	3
303	1917	 5	 3.5	3
303	1917	 6	 5.7	3
303	1917	 7	11.2	3
303	1917	 8	 7.7	3
303	1917	 9	 5.3	3
303	1917	10	-1.9	3
303	1917	11	-3.1	3
303	1917	12	-5.2	3
303	1918	 1	-15.0	3
303	1918	 2	-5.7	3
303	1918	 3	-0.3	3
303	1918	 4	-0.4	3
303	1918	 5	 4.7	3
303	1918	 6	 7.5	3
303	1918	 7	 6.7	3
303	1918	 8	 8.4	3
303	1918	 9	 5.5	3
303	1918	10	 2.5	3
303	1918	11	-0.1	3
303	1918	12	-2.3	3
303	1919	 1	-3.0	3
303	1919	 2	-3.3	3
303	1919	 3	-6.3	3
303	1919	 4	-0.8	3
303	1919	 5	 4.2	3
303	1919	 6	 8.2	3
303	1919	 7	10.6	3
303	1919	 8	 8.1	3
303	1919	 9	 5.5	3
303	1919	10	 2.3	3
303	1919	11	-3.8	3
303	1919	12	-2.8	3
303	1920	 1	-5.9	2
303	1920	 2	-5.2	2
303	1920	 3	-3.5	2
303	1920	 4	-2.2	2
303	1920	 5	 1.1	2
303	1920	 6	 8.0	2
303	1920	 7	 8.7	2
303	1920	 8	 8.0	2
303	1920	 9	 6.8	2
303	1920	10	 5.9	2
303	1920	11	 0.8	2
303	1920	12	-1.4	2
303	1921	 1	-4.7	2
303	1921	 2	 1.0	2
303	1921	 3	-3.2	2
303	1921	 4	 0.4	2
303	1921	 5	 2.1	2
303	1921	 6	 6.9	2
303	1921	 7	 7.8	2
303	1921	 8	 6.6	2
303	1921	 9	 4.9	2
303	1921	10	 1.2	2
303	1921	11	-0.6	2
303	1921	12	-1.8	2
303	1922	 1	-1.7	2
303	1922	 2	-1.1	2
303	1922	 3	-0.4	2
303	1922	 4	-0.5	2
303	1922	 5	 2.5	2
303	1922	 6	 6.1	2
303	1922	 7	 7.7	2
303	1922	 8	 7.7	2
303	1922	 9	 4.8	2
303	1922	10	 3.4	2
303	1922	11	-0.8	2
303	1922	12	 0.5	2
303	1923	 1	-3.8	3
303	1923	 2	 0.1	3
303	1923	 3	 2.8	3
303	1923	 4	 3.7	3
303	1923	 5	 4.4	3
303	1923	 6	 7.1	3
303	1923	 7	 8.7	3
303	1923	 8	 7.5	3
303	1923	 9	 4.7	3
303	1923	10	 2.1	3
303	1923	11	-2.6	3
303	1923	12	-2.8	3
303	1924	 1	 0.7	3
303	1924	 2	-0.8	3
303	1924	 3	-2.6	3
303	1924	 4	-0.6	3
303	1924	 5	 1.7	3
303	1924	 6	 6.1	3
303	1924	 7	 8.8	3
303	1924	 8	 7.0	3
303	1924	 9	 3.5	3
303	1924	10	 1.1	3
303	1924	11	 1.3	3
303	1924	12	-0.8	3
303	1925	 1	-1.7	3
303	1925	 2	-3.9	3
303	1925	 3	-1.4	3
303	1925	 4	-0.5	3
303	1925	 5	 3.3	3
303	1925	 6	 9.1	3
303	1925	 7	 9.1	3
303	1925	 8	 9.3	3
303	1925	 9	 6.1	3
303	1925	10	 1.6	3
303	1925	11	 0.1	3
303	1925	12	-4.3	3
303	1926	 1	-1.0	4
303	1926	 2	-0.3	4
303	1926	 3	-1.8	4
303	1926	 4	 3.5	4
303	1926	 5	 4.3	4
303	1926	 6	 7.5	4
303	1926	 7	10.8	4
303	1926	 8	 8.8	4
303	1926	 9	 5.0	4
303	1926	10	-1.1	4
303	1926	11	-1.2	4
303	1926	12	-1.1	4
303	1927	 1	-3.9	4
303	1927	 2	-0.6	4
303	1927	 3	 0.6	4
303	1927	 4	-0.1	4
303	1927	 5	 4.6	4
303	1927	 6	 7.5	4
303	1927	 7	10.4	4
303	1927	 8	 8.8	4
303	1927	 9	 6.0	4
303	1927	10	 2.3	4
303	1927	11	-0.1	4
303	1927	12	-1.6	4
303	1928	 1	-3.1	4
303	1928	 2	-2.1	4
303	1928	 3	-0.3	4
303	1928	 4	 2.5	4
303	1928	 5	 6.5	4
303	1928	 6	 5.7	4
303	1928	 7	 8.9	4
303	1928	 8	 9.4	4
303	1928	 9	 7.8	4
303	1928	10	 4.0	4
303	1928	11	 0.3	4
303	1928	12	-1.6	4
303	1929	 1	-0.1	4
303	1929	 2	 0.3	4
303	1929	 3	 4.0	4
303	1929	 4	 2.5	4
303	1929	 5	 4.1	4
303	1929	 6	 6.9	4
303	1929	 7	10.1	4
303	1929	 8	 6.5	4
303	1929	 9	 4.8	4
303	1929	10	 0.0	4
303	1929	11	-1.4	4
303	1929	12	-0.3	4
303	1930	 1	-3.3	4
303	1930	 2	-0.8	4
303	1930	 3	-4.0	4
303	1930	 4	 2.5	4
303	1930	 5	 5.1	4
303	1930	 6	 7.9	4
303	1930	 7	 8.8	4
303	1930	 8	 8.3	4
303	1930	 9	 8.2	4
303	1930	10	 1.3	4
303	1930	11	-3.6	4
303	1930	12	-0.5	4
303	1931	 1	-3.0	4
303	1931	 2	-5.3	4
303	1931	 3	-1.6	4
303	1931	 4	 1.4	4
303	1931	 5	 4.5	4
303	1931	 6	 7.3	4
303	1931	 7	 8.3	4
303	1931	 8	10.3	4
303	1931	 9	 8.4	4
303	1931	10	 3.1	4
303	1931	11	 1.4	4
303	1931	12	-1.8	4
303	1932	 1	-1.4	4
303	1932	 2	 1.6	4
303	1932	 3	 0.3	4
303	1932	 4	-1.9	4
303	1932	 5	 5.2	4
303	1932	 6	 9.3	4
303	1932	 7	 8.1	4
303	1932	 8	10.2	4
303	1932	 9	 6.0	4
303	1932	10	 2.4	4
303	1932	11	 0.8	4
303	1932	12	 0.6	4
303	1933	 1	 0.6	4
303	1933	 2	-4.1	4
303	1933	 3	-0.1	4
303	1933	 4	 0.9	4
303	1933	 5	 6.2	4
303	1933	 6	 9.9	4
303	1933	 7	11.1	4
303	1933	 8	10.2	4
303	1933	 9	 9.0	4
303	1933	10	 2.8	4
303	1933	11	 2.5	4
303	1933	12	 2.1	4
303	1934	 1	-1.6	4
303	1934	 2	-0.2	4
303	1934	 3	-3.2	4
303	1934	 4	 1.8	4
303	1934	 5	 3.9	4
303	1934	 6	10.0	4
303	1934	 7	10.8	4
303	1934	 8	 8.9	4
303	1934	 9	 7.5	4
303	1934	10	 2.6	4
303	1934	11	 0.1	4
303	1934	12	 0.7	4
303	1935	 1	 1.4	4
303	1935	 2	-6.6	4
303	1935	 3	 1.4	4
303	1935	 4	 0.7	4
303	1935	 5	 7.4	4
303	1935	 6	 7.3	4
303	1935	 7	 9.4	4
303	1935	 8	 8.9	4
303	1935	 9	 6.5	4
303	1935	10	 2.0	4
303	1935	11	 1.1	4
303	1935	12	-2.0	4
303	1936	 1	-6.2	4
303	1936	 2	-3.1	4
303	1936	 3	-1.2	4
303	1936	 4	 1.6	4
303	1936	 5	 7.3	4
303	1936	 6	 8.4	4
303	1936	 7	 9.8	4
303	1936	 8	 9.6	4
303	1936	 9	 8.2	4
303	1936	10	 4.2	4
303	1936	11	 0.7	4
303	1936	12	-4.2	4
303	1937	 1	-0.7	2
303	1937	 2	-2.8	2
303	1937	 3	-3.6	2
303	1937	 4	 1.9	2
303	1937	 5	 4.5	2
303	1937	 6	 8.4	2
303	1937	 7	 9.3	2
303	1937	 8	 8.8	2
303	1937	 9	 6.4	2
303	1937	10	 2.2	2
303	1937	11	 1.1	2
303	1937	12	 0.2	2
303	1938	 1	-2.5	2
303	1938	 2	-0.5	2
303	1938	 3	-1.5	2
303	1938	 4	 3.1	2
303	1938	 5	 3.3	2
303	1938	 6	 6.3	2
303	1938	 7	 8.8	2
303	1938	 8	 9.8	2
303	1938	 9	 7.6	2
303	1938	10	 2.9	2
303	1938	11	-0.4	2
303	1938	12	-0.4	2
303	1939	 1	-3.1	2
303	1939	 2	-2.3	2
303	1939	 3	 0.5	2
303	1939	 4	 1.9	2
303	1939	 5	 6.7	2
303	1939	 6	 9.1	2
303	1939	 7	10.7	2
303	1939	 8	11.1	2
303	1939	 9	10.1	2
303	1939	10	 5.6	2
303	1939	11	-0.9	2
303	1939	12	-2.0	2
303	1940	 1	-0.9	5
303	1940	 2	-1.9	5
303	1940	 3	-3.4	5
303	1940	 4	 0.1	5
303	1940	 5	 5.2	5
303	1940	 6	 8.3	5
303	1940	 7	 9.3	5
303	1940	 8	 8.8	5
303	1940	 9	 5.8	5
303	1940	10	 3.6	5
303	1940	11	-0.8	5
303	1940	12	-0.4	5
303	1941	 1	-3.2	5
303	1941	 2	-5.0	5
303	1941	 3	-1.2	5
303	1941	 4	 2.9	5
303	1941	 5	 6.0	5
303	1941	 6	 9.3	5
303	1941	 7	 9.9	5
303	1941	 8	 8.6	5
303	1941	 9	10.2	5
303	1941	10	 4.8	5
303	1941	11	 1.7	5
303	1941	12	 0.2	5
303	1942	 1	-0.3	5
303	1942	 2	-0.8	5
303	1942	 3	 0.3	5
303	1942	 4	 1.9	5
303	1942	 5	 4.8	5
303	1942	 6	 8.2	5
303	1942	 7	 8.7	5
303	1942	 8	 9.7	5
303	1942	 9	 5.8	5
303	1942	10	 0.8	5
303	1942	11	 1.9	5
303	1942	12	-0.9	5
303	1943	 1	-2.9	5
303	1943	 2	-3.9	5
303	1943	 3	-1.8	5
303	1943	 4	 0.6	5
303	1943	 5	 2.6	5
303	1943	 6	 7.0	5
303	1943	 7	 9.2	5
303	1943	 8	 6.3	5
303	1943	 9	 5.8	5
303	1943	10	 1.9	5
303	1943	11	 0.1	5
303	1943	12	-0.4	5
303	1944	 1	-4.2	5
303	1944	 2	-1.7	5
303	1944	 3	-0.5	5
303	1944	 4	 0.8	5
303	1944	 5	 4.5	5
303	1944	 6	 5.8	5
303	1944	 7	10.3	5
303	1944	 8	10.0	5
303	1944	 9	 6.3	5
303	1944	10	 2.6	5
303	1944	11	-2.5	5
303	1944	12	-2.5	5
303	1945	 1	-5.2	5
303	1945	 2	-2.1	5
303	1945	 3	 1.3	5
303	1945	 4	 2.0	5
303	1945	 5	 4.5	5
303	1945	 6	 7.5	5
303	1945	 7	11.2	5
303	1945	 8	10.1	5
303	1945	 9	 8.2	5
303	1945	10	 4.8	5
303	1945	11	 3.5	5
303	1945	12	-0.9	5
303	1946	 1	 1.0	5
303	1946	 2	-2.4	5
303	1946	 3	-1.1	5
303	1946	 4	 1.4	5
303	1946	 5	 7.0	5
303	1946	 6	 6.0	5
303	1946	 7	10.1	5
303	1946	 8	 9.0	5
303	1946	 9	 7.2	5
303	1946	10	 7.2	5
303	1946	11	 0.2	5
303	1946	12	 1.2	5
303	1947	 1	 1.9	5
303	1947	 2	-5.3	5
303	1947	 3	-5.5	5
303	1947	 4	-0.6	5
303	1947	 5	 5.7	5
303	1947	 6	 8.2	5
303	1947	 7	 9.9	5
303	1947	 8	11.4	5
303	1947	 9	 7.3	5
303	1947	10	 3.9	5
303	1947	11	-1.6	5
303	1947	12	-1.1	5
303	1948	 1	-0.8	5
303	1948	 2	 0.6	5
303	1948	 3	 1.5	5
303	1948	 4	 0.4	5
303	1948	 5	 3.5	5
303	1948	 6	 6.8	5
303	1948	 7	 9.0	5
303	1948	 8	10.3	5
303	1948	 9	 4.7	5
303	1948	10	 1.2	5
303	1948	11	 0.3	5
303	1948	12	-1.9	5
303	1949	 1	-4.4	5
303	1949	 2	-1.7	5
303	1949	 3	-2.0	5
303	1949	 4	-2.4	5
303	1949	 5	 1.1	5
303	1949	 6	 8.2	5
303	1949	 7	10.2	5
303	1949	 8	 8.9	5
303	1949	 9	 7.8	5
303	1949	10	 2.5	5
303	1949	11	 0.3	5
303	1949	12	-3.7	5
303	1950	 1	 0.8	5
303	1950	 2	-2.6	5
303	1950	 3	-0.7	5
303	1950	 4	-0.1	5
303	1950	 5	 5.7	5
303	1950	 6	 7.8	5
303	1950	 7	 9.5	5
303	1950	 8	 9.3	5
303	1950	 9	 5.8	5
303	1950	10	 3.5	5
303	1950	11	-1.4	5
303	1950	12	-4.2	5
303	1951	 1	-4.1	5
303	1951	 2	-1.6	5
303	1951	 3	-4.3	5
303	1951	 4	-2.0	5
303	1951	 5	 5.8	5
303	1951	 6	 8.1	5
303	1951	 7	 9.6	5
303	1951	 8	 8.8	5
303	1951	 9	 7.0	5
303	1951	10	 3.2	5
303	1951	11	-1.4	5
303	1951	12	-2.9	5
303	1952	 1	-4.7	5
303	1952	 2	-2.1	5
303	1952	 3	-1.1	5
303	1952	 4	-0.3	5
303	1952	 5	 4.0	5
303	1952	 6	 5.6	5
303	1952	 7	 9.6	5
303	1952	 8	 8.3	5
303	1952	 9	 7.0	5
303	1952	10	 4.5	5
303	1952	11	 0.7	5
303	1952	12	-0.9	5
303	1953	 1	-1.9	5
303	1953	 2	-0.1	5
303	1953	 3	 0.8	5
303	1953	 4	-2.0	5
303	1953	 5	 5.1	5
303	1953	 6	10.3	5
303	1953	 7	 9.8	5
303	1953	 8	10.3	5
303	1953	 9	 8.3	5
303	1953	10	 2.8	5
303	1953	11	-0.6	5
303	1953	12	 0.8	5
303	1954	 1	 0.2	5
303	1954	 2	-1.8	5
303	1954	 3	-0.6	5
303	1954	 4	 2.9	5
303	1954	 5	 5.7	5
303	1954	 6	 7.5	5
303	1954	 7	 8.4	5
303	1954	 8	 8.9	5
303	1954	 9	 3.6	5
303	1954	10	 1.6	5
303	1954	11	 1.1	5
303	1954	12	-3.0	5
303	1955	 1	-4.0	5
303	1955	 2	-6.2	5
303	1955	 3	-1.9	5
303	1955	 4	 3.4	5
303	1955	 5	 4.2	5
303	1955	 6	 8.3	5
303	1955	 7	11.2	5
303	1955	 8	10.2	5
303	1955	 9	 6.5	5
303	1955	10	 1.9	5
303	1955	11	 2.1	5
303	1955	12	-4.9	5
303	1956	 1	-5.0	5
303	1956	 2	 1.1	5
303	1956	 3	 1.6	5
303	1956	 4	 1.1	5
303	1956	 5	 5.0	5
303	1956	 6	 7.3	5
303	1956	 7	 9.4	5
303	1956	 8	 7.5	5
303	1956	 9	 7.6	5
303	1956	10	 3.2	5
303	1956	11	 3.4	5
303	1956	12	 0.7	5
303	1957	 1	-0.8	5
303	1957	 2	-3.9	5
303	1957	 3	-2.6	5
303	1957	 4	 2.7	5
303	1957	 5	 5.7	5
303	1957	 6	 7.8	5
303	1957	 7	 9.7	5
303	1957	 8	 9.8	5
303	1957	 9	 5.7	5
303	1957	10	 2.5	5
303	1957	11	 1.5	5
303	1957	12	-2.9	5
303	1958	 1	-3.6	5
303	1958	 2	-4.6	5
303	1958	 3	-2.8	5
303	1958	 4	 2.2	5
303	1958	 5	 2.9	5
303	1958	 6	 7.3	5
303	1958	 7	 8.2	5
303	1958	 8	 6.8	5
303	1958	 9	 9.1	5
303	1958	10	 4.5	5
303	1958	11	 2.9	5
303	1958	12	-1.3	5
303	1959	 1	-6.1	5
303	1959	 2	 0.5	5
303	1959	 3	 1.5	5
303	1959	 4	-0.4	5
303	1959	 5	 6.0	5
303	1959	 6	 6.6	5
303	1959	 7	 9.2	5
303	1959	 8	 8.1	5
303	1959	 9	 8.3	5
303	1959	10	 6.1	5
303	1959	11	-0.9	5
303	1959	12	-2.8	5
303	1960	 1	-0.3	5
303	1960	 2	-2.6	5
303	1960	 3	 0.5	5
303	1960	 4	 2.4	5
303	1960	 5	 5.7	5
303	1960	 6	 8.4	5
303	1960	 7	 9.4	5
303	1960	 8	 8.8	5
303	1960	 9	 7.5	5
303	1960	10	 3.3	5
303	1960	11	 1.2	5
303	1960	12	-1.5	5
303	1961	 1	-1.2	6
303	1961	 2	-1.6	6
303	1961	 3	-1.5	6
303	1961	 4	-1.4	6
303	1961	 5	 5.8	6
303	1961	 6	 7.1	6
303	1961	 7	 9.5	6
303	1961	 8	 9.1	6
303	1961	 9	 7.9	6
303	1961	10	 4.2	6
303	1961	11	 0.5	6
303	1961	12	-3.4	6
303	1962	 1	-1.1	6
303	1962	 2	-1.8	6
303	1962	 3	-3.9	6
303	1962	 4	 2.2	6
303	1962	 5	 4.7	6
303	1962	 6	 6.8	6
303	1962	 7	 9.0	6
303	1962	 8	 7.9	6
303	1962	 9	 6.5	6
303	1962	10	 3.6	6
303	1962	11	-1.2	6
303	1962	12	-1.6	6
303	1963	 1	-1.8	6
303	1963	 2	-1.4	6
303	1963	 3	 1.6	6
303	1963	 4	 0.9	6
303	1963	 5	 2.4	6
303	1963	 6	 7.8	6
303	1963	 7	 7.3	6
303	1963	 8	 6.6	6
303	1963	 9	 3.8	6
303	1963	10	 2.5	6
303	1963	11	-3.6	6
303	1963	12	-0.3	6
303	1964	 1	 0.7	6
303	1964	 2	 0.8	6
303	1964	 3	 2.8	6
303	1964	 4	 2.3	6
303	1964	 5	 5.4	6
303	1964	 6	 8.2	6
303	1964	 7	 8.9	6
303	1964	 8	 7.2	6
303	1964	 9	 4.1	6
303	1964	10	 3.5	6
303	1964	11	 0.6	6
303	1964	12	-3.8	6
303	1965	 1	-2.3	6
303	1965	 2	 2.6	6
303	1965	 3	-4.4	6
303	1965	 4	-1.4	6
303	1965	 5	 1.9	6
303	1965	 6	 5.5	6
303	1965	 7	 9.3	6
303	1965	 8	 7.7	6
303	1965	 9	 4.9	6
303	1965	10	 5.4	6
303	1965	11	-1.6	6
303	1965	12	-5.0	6
303	1966	 1	-4.0	6
303	1966	 2	-5.8	6
303	1966	 3	-3.6	6
303	1966	 4	-0.2	6
303	1966	 5	 3.0	6
303	1966	 6	 7.7	6
303	1966	 7	 9.0	6
303	1966	 8	 8.0	6
303	1966	 9	 6.7	6
303	1966	10	 1.5	6
303	1966	11	-1.7	6
303	1966	12	-3.3	6
303	1967	 1	-1.2	6
303	1967	 2	-0.3	6
303	1967	 3	-5.4	6
303	1967	 4	-0.2	6
303	1967	 5	 1.0	6
303	1967	 6	 6.5	6
303	1967	 7	 6.8	6
303	1967	 8	 8.3	6
303	1967	 9	 6.8	6
303	1967	10	 0.9	6
303	1967	11	-2.2	6
303	1967	12	-2.8	6
303	1968	 1	-4.1	6
303	1968	 2	-3.8	6
303	1968	 3	-3.1	6
303	1968	 4	-0.5	6
303	1968	 5	 2.2	6
303	1968	 6	 3.8	6
303	1968	 7	 9.6	6
303	1968	 8	 8.8	6
303	1968	 9	 7.1	6
303	1968	10	 0.4	6
303	1968	11	 2.2	6
303	1968	12	-1.7	6
303	1969	 1	-3.9	6
303	1969	 2	-5.7	6
303	1969	 3	-4.2	6
303	1969	 4	-2.2	6
303	1969	 5	 1.0	6
303	1969	 6	 5.8	6
303	1969	 7	 8.4	6
303	1969	 8	 9.8	6
303	1969	 9	 5.2	6
303	1969	10	 3.1	6
303	1969	11	-2.9	6
303	1969	12	-2.2	6
303	1970	 1	-1.9	6
303	1970	 2	-4.3	6
303	1970	 3	-4.3	6
303	1970	 4	 0.3	6
303	1970	 5	 2.7	6
303	1970	 6	 7.7	6
303	1970	 7	 6.5	6
303	1970	 8	 8.6	6
303	1970	 9	 5.7	6
303	1970	10	 2.1	6
303	1970	11	-1.5	6
303	1970	12	 0.3	6
303	1971	 1	-6.3	6
303	1971	 2	-1.9	6
303	1971	 3	-1.3	6
303	1971	 4	 0.6	6
303	1971	 5	 3.5	6
303	1971	 6	 6.5	6
303	1971	 7	 8.2	6
303	1971	 8	 8.4	6
303	1971	 9	 6.0	6
303	1971	10	 2.2	6
303	1971	11	-1.1	6
303	1971	12	-2.3	6
303	1972	 1	 1.0	6
303	1972	 2	 0.1	6
303	1972	 3	 0.6	6
303	1972	 4	 1.4	6
303	1972	 5	 5.6	6
303	1972	 6	 6.3	6
303	1972	 7	 9.0	6
303	1972	 8	 8.4	6
303	1972	 9	 7.1	6
303	1972	10	 2.9	6
303	1972	11	-1.1	6
303	1972	12	-0.1	6
303	1973	 1	 1.5	6
303	1973	 2	-4.7	6
303	1973	 3	-0.3	6
303	1973	 4	 1.5	6
303	1973	 5	 3.8	6
303	1973	 6	 5.3	6
303	1973	 7	 8.9	6
303	1973	 8	 8.4	6
303	1973	 9	 7.5	6
303	1973	10	 2.5	6
303	1973	11	-4.2	6
303	1973	12	-5.9	6
303	1974	 1	-0.7	6
303	1974	 2	-1.5	6
303	1974	 3	 1.9	6
303	1974	 4	 5.2	6
303	1974	 5	 6.2	6
303	1974	 6	 7.7	6
303	1974	 7	 9.0	6
303	1974	 8	 7.5	6
303	1974	 9	 4.5	6
303	1974	10	 3.4	6
303	1974	11	 0.8	6
303	1974	12	-4.2	6
303	1975	 1	-6.3	6
303	1975	 2	 0.1	6
303	1975	 3	-1.7	6
303	1975	 4	 0.0	6
303	1975	 5	 5.0	6
303	1975	 6	 5.2	6
303	1975	 7	 9.6	6
303	1975	 8	 8.7	6
303	1975	 9	 4.3	6
303	1975	10	 4.0	6
303	1975	11	 0.6	6
303	1975	12	-2.6	6
303	1976	 1	-4.8	6
303	1976	 2	-1.8	6
303	1976	 3	-0.6	6
303	1976	 4	 0.6	6
303	1976	 5	 3.2	6
303	1976	 6	 7.7	6
303	1976	 7	10.1	6
303	1976	 8	10.0	6
303	1976	 9	 7.2	6
303	1976	10	 4.6	6
303	1976	11	 2.0	6
303	1976	12	-2.9	6
303	1977	 1	-3.8	6
303	1977	 2	-5.1	6
303	1977	 3	 0.2	6
303	1977	 4	-0.4	6
303	1977	 5	 5.5	6
303	1977	 6	 7.3	6
303	1977	 7	 9.5	6
303	1977	 8	 8.6	6
303	1977	 9	 6.5	6
303	1977	10	 3.0	6
303	1977	11	-3.1	6
303	1977	12	-1.1	6
303	1978	 1	-4.2	6
303	1978	 2	-3.0	6
303	1978	 3	-1.4	6
303	1978	 4	 1.7	6
303	1978	 5	 5.3	6
303	1978	 6	 7.0	6
303	1978	 7	 9.1	6
303	1978	 8	10.1	6
303	1978	 9	 5.6	6
303	1978	10	 3.0	6
303	1978	11	-1.6	6
303	1978	12	-0.6	6
303	1979	 1	-5.9	6
303	1979	 2	-2.4	6
303	1979	 3	-6.6	6
303	1979	 4	-0.3	6
303	1979	 5	-0.8	6
303	1979	 6	 7.1	6
303	1979	 7	 6.9	6
303	1979	 8	 7.8	6
303	1979	 9	 3.8	6
303	1979	10	 3.7	6
303	1979	11	-0.7	6
303	1979	12	-2.2	6
303	1980	 1	-2.6	6
303	1980	 2	-0.7	6
303	1980	 3	-0.3	6
303	1980	 4	 2.6	6
303	1980	 5	 5.5	6
303	1980	 6	 7.6	6
303	1980	 7	 9.5	6
303	1980	 8	 9.5	6
303	1980	 9	 6.8	6
303	1980	10	-1.0	6
303	1980	11	-0.0	6
303	1980	12	-3.4	6
303	1981	 1	-4.4	6
303	1981	 2	-4.5	6
303	1981	 3	-2.7	6
303	1981	 4	 1.7	6
303	1981	 5	 2.5	6
303	1981	 6	 6.9	6
303	1981	 7	 8.0	6
303	1981	 8	 9.8	6
303	1981	 9	 5.4	6
303	1981	10	-0.6	6
303	1981	11	-1.9	6
303	1981	12	-4.0	6
303	1982	 1	-4.1	6
303	1982	 2	 0.0	6
303	1982	 3	-1.4	6
303	1982	 4	 1.7	6
303	1982	 5	 1.5	6
303	1982	 6	 6.2	6
303	1982	 7	 9.6	6
303	1982	 8	 7.7	6
303	1982	 9	 4.3	6
303	1982	10	 3.3	6
303	1982	11	-1.8	6
303	1982	12	-3.4	6
303	1983	 1	-4.7	6
303	1983	 2	 0.1	6
303	1983	 3	-3.1	6
303	1983	 4	-2.1	6
303	1983	 5	 2.3	6
303	1983	 6	 6.2	6
303	1983	 7	 8.9	6
303	1983	 8	 8.5	6
303	1983	 9	 4.9	6
303	1983	10	 2.3	6
303	1983	11	-0.3	6
303	1983	12	-3.1	6
303	1984	 1	-6.4	6
303	1984	 2	-1.7	6
303	1984	 3	 0.2	6
303	1984	 4	 1.9	6
303	1984	 5	 4.7	6
303	1984	 6	 7.8	6
303	1984	 7	10.5	6
303	1984	 8	 9.7	6
303	1984	 9	 5.7	6
303	1984	10	 1.9	6
303	1984	11	-1.9	6
303	1984	12	-1.3	6
303	1985	 1	-3.2	6
303	1985	 2	-2.5	6
303	1985	 3	-1.9	6
303	1985	 4	 1.6	6
303	1985	 5	 5.3	6
303	1985	 6	 7.0	6
303	1985	 7	 8.2	6
303	1985	 8	 7.4	6
303	1985	 9	 4.9	6
303	1985	10	 5.1	6
303	1985	11	-1.0	6
303	1985	12	-3.9	6
303	1986	 1	-3.2	6
303	1986	 2	-1.9	6
303	1986	 3	-0.7	6
303	1986	 4	 1.4	6
303	1986	 5	 2.6	6
303	1986	 6	 8.0	6
303	1986	 7	 7.9	6
303	1986	 8	 8.4	6
303	1986	 9	 5.8	6
303	1986	10	 0.4	6
303	1986	11	-0.9	6
303	1986	12	-2.4	6
303	1987	 1	 1.4	6
303	1987	 2	-2.0	6
303	1987	 3	-1.2	6
303	1987	 4	 1.0	6
303	1987	 5	 5.1	6
303	1987	 6	 7.7	6
303	1987	 7	 9.8	6
303	1987	 8	 9.0	6
303	1987	 9	 6.6	6
303	1987	10	 0.2	6
303	1987	11	 2.8	6
303	1987	12	 1.4	6
303	1988	 1	-5.1	6
303	1988	 2	-2.6	6
303	1988	 3	-3.2	6
303	1988	 4	-1.9	6
303	1988	 5	 3.7	6
303	1988	 6	 8.0	6
303	1988	 7	 7.6	6
303	1988	 8	 8.6	6
303	1988	 9	 5.5	6
303	1988	10	 2.5	6
303	1988	11	 0.3	6
303	1988	12	-1.7	6
303	1989	 1	-2.9	6
303	1989	 2	-5.8	6
303	1989	 3	-3.6	6
303	1989	 4	-1.5	6
303	1989	 5	 2.5	6
303	1989	 6	 6.6	6
303	1989	 7	 9.5	6
303	1989	 8	 8.6	6
303	1989	 9	 6.2	6
303	1989	10	 4.0	6
303	1989	11	 0.4	6
303	1989	12	-1.1	6
303	1990	 1	-1.2	6
303	1990	 2	-3.0	6
303	1990	 3	-4.1	6
303	1990	 4	-1.9	6
303	1990	 5	 5.2	6
303	1990	 6	 7.6	6
303	1990	 7	 9.8	6
303	1990	 8	 9.4	6
303	1990	 9	 5.6	6
303	1990	10	 3.6	6
303	1990	11	 2.1	6
303	1990	12	-1.9	6
303	1991	 1	-0.1	6
303	1991	 2	-0.4	6
303	1991	 3	 0.5	6
303	1991	 4	-0.5	6
303	1991	 5	 6.1	6
303	1991	 6	 7.0	6
303	1991	 7	 9.2	6
303	1991	 8	 9.6	6
303	1991	 9	 5.8	6
303	1991	10	 3.7	6
303	1991	11	-1.2	6
303	1991	12	-0.8	6
303	1992	 1	 1.2	6
303	1992	 2	-2.1	6
303	1992	 3	-1.4	6
303	1992	 4	 0.9	6
303	1992	 5	 3.8	6
303	1992	 6	 7.3	6
303	1992	 7	 8.1	6
303	1992	 8	 8.3	6
303	1992	 9	 5.6	6
303	1992	10	 3.4	6
303	1992	11	-1.0	6
303	1992	12	-1.9	6
303	1993	 1	-5.1	6
303	1993	 2	-0.7	6
303	1993	 3	-0.3	6
303	1993	 4	 2.3	6
303	1993	 5	 3.4	6
303	1993	 6	 6.4	6
303	1993	 7	 6.2	6
303	1993	 8	 7.8	6
303	1993	 9	 7.4	6
303	1993	10	 3.2	6
303	1993	11	 2.4	6
303	1993	12	-3.4	6
303	1994	 1	-3.5	6
303	1994	 2	-0.9	6
303	1994	 3	-2.6	6
303	1994	 4	 0.1	6
303	1994	 5	 5.1	6
303	1994	 6	 6.4	6
303	1994	 7	 9.4	6
303	1994	 8	 9.7	6
303	1994	 9	 5.4	6
303	1994	10	 1.7	6
303	1994	11	 0.1	6
303	1994	12	-2.5	6
303	1995	 1	-3.8	6
303	1995	 2	-4.2	6
303	1995	 3	-3.2	6
303	1995	 4	-0.9	6
303	1995	 5	 1.6	6
303	1995	 6	 7.4	6
303	1995	 7	 7.8	6
303	1995	 8	10.2	6
303	1995	 9	 7.0	6
303	1995	10	 2.7	6
303	1995	11	 0.7	6
303	1995	12	-2.9	6
303	1996	 1	-0.4	6
303	1996	 2	-2.2	6
303	1996	 3	 1.5	6
303	1996	 4	 2.3	6
303	1996	 5	 5.1	6
303	1996	 6	 7.9	6
303	1996	 7	10.3	6
303	1996	 8	 9.1	6
303	1996	 9	10.2	6
303	1996	10	 3.0	6
303	1996	11	-4.5	6
303	1996	12	-1.6	6
303	1997	 1	-0.9	6
303	1997	 2	-3.4	6
303	1997	 3	-3.0	6
303	1997	 4	 1.8	6
303	1997	 5	 3.6	6
303	1997	 6	 6.1	6
303	1997	 7	10.2	6
303	1997	 8	 9.1	6
303	1997	 9	 7.1	6
303	1997	10	 4.3	6
303	1997	11	 2.0	6
303	1997	12	 0.7	6
303	1998	 1	-0.5	6
303	1998	 2	-4.3	6
303	1998	 3	-3.7	6
303	1998	 4	 1.0	6
303	1998	 5	 5.7	6
303	1998	 6	 6.1	6
303	1998	 7	 7.8	6
303	1998	 8	 9.9	6
303	1998	 9	 6.9	6
303	1998	10	 2.0	6
303	1998	11	-0.6	6
303	1998	12	-0.2	6
303	1999	 1	-2.0	6
303	1999	 2	-3.2	6
303	1999	 3	-3.9	6
303	1999	 4	-0.8	6
303	1999	 5	 4.5	6
303	1999	 6	 8.1	6
303	1999	 7	 9.6	6
303	1999	 8	 9.9	6
303	1999	 9	 6.5	6
303	1999	10	 3.3	6
303	1999	11	 0.6	6
303	1999	12	-3.0	6
303	2000	 1	-0.7	6
303	2000	 2	-2.4	6
303	2000	 3	-1.6	6
303	2000	 4	-0.1	6
303	2000	 5	 4.8	6
303	2000	 6	 6.7	6
303	2000	 7	10.1	6
303	2000	 8	10.2	6
303	2000	 9	 6.9	6
303	2000	10	 3.2	6
303	2000	11	-0.0	6
303	2000	12	-1.4	6
303	2001	 1	-0.1	6
303	2001	 2	-2.6	6
303	2001	 3	-3.4	6
303	2001	 4	 0.7	6
303	2001	 5	 4.7	6
303	2001	 6	 6.2	6
303	2001	 7	 8.5	6
303	2001	 8	 8.7	6
303	2001	 9	 7.8	6
303	2001	10	 3.8	6
303	2001	11	-0.5	6
303	2001	12	 0.7	6
303	2002	 1	-1.2	6
303	2002	 2	-6.0	6
303	2002	 3	-3.5	6
303	2002	 4	 1.3	6
303	2002	 5	 2.5	6
303	2002	 6	 6.9	6
303	2002	 7	 8.9	6
303	2002	 8	 8.8	6
303	2002	 9	 7.7	6
303	2002	10	 3.6	6
303	2002	11	 1.8	6
303	2002	12	 1.6	6
303	2003	 1	-1.8	6
303	2003	 2	 0.7	6
303	2003	 3	 2.2	6
303	2003	 4	 4.3	6
303	2003	 5	 4.2	6
303	2003	 6	 7.8	6
303	2003	 7	 9.4	6
303	2003	 8	11.6	6
303	2003	 9	 7.2	6
303	2003	10	 3.4	6
303	2003	11	 0.1	6
303	2003	12	-1.9	6
303	2004	 1	-2.8	6
303	2004	 2	-1.0	6
303	2004	 3	 2.4	6
303	2004	 4	 3.1	6
303	2004	 5	 4.3	6
303	2004	 6	 8.5	6
303	2004	 7	10.3	6
303	2004	 8	10.6	6
303	2004	 9	 7.7	6
303	2004	10	 2.9	6
303	2004	11	-1.2	6
303	2004	12	-2.8	6
303	2005	 1	-1.8	6
303	2005	 2	-0.2	6
303	2005	 3	 1.5	6
303	2005	 4	 2.0	6
303	2005	 5	 3.6	6
303	2005	 6	 7.6	6
303	2005	 7	10.1	6
303	2005	 8	 8.5	6
303	2005	 9	 4.8	6
303	2005	10	 1.0	6
303	2005	11	-0.8	6
303	2005	12	-0.2	6
303	2006	 1	-0.5	6
303	2006	 2	 0.9	6
303	2006	 3	-1.1	6
303	2006	 4	 0.3	6
303	2006	 5	 3.5	6
303	2006	 6	 8.1	6
303	2006	 7	 8.7	6
303	2006	 8	10.0	6
303	2006	 9	 7.5	6
303	2006	10	 2.8	6
303	2006	11	-1.6	6
303	2006	12	 0.3	6
303	2007	 1	-2.7	6
303	2007	 2	-3.6	6
303	2007	 3	 0.8	6
303	2007	 4	 3.0	6
303	2007	 5	 3.4	6
303	2007	 6	 9.2	6
303	2007	 7	 8.8	6
303	2007	 8	 8.9	6
303	2007	 9	 6.8	6
303	2007	10	 3.9	6
303	2007	11	 0.5	6
303	2007	12	-1.1	6
303	2008	 1	-2.6	6
303	2008	 2	-2.1	6
303	2008	 3	-2.4	6
303	2008	 4	 0.3	6
303	2008	 5	 6.4	6
303	2008	 6	 8.1	6
303	2008	 7	10.2	6
303	2008	 8	 9.9	6
303	2008	 9	 8.6	6
303	2008	10	 1.1	6
303	2008	11	 0.5	6
303	2008	12	-1.8	6
303	2009	 1	-0.3	6
303	2009	 2	-4.4	6
303	2009	 3	-1.6	6
303	2009	 4	 2.1	6
303	2009	 5	 5.5	6
303	2009	 6	 7.9	6
303	2009	 7	 9.4	6
303	2009	 8	 9.4	6
303	2009	 9	 6.9	6
303	2009	10	 2.4	6
303	2009	11	 0.3	6
303	2009	12	-0.8	6
303	2010	 1	 0.3	3
303	2010	 2	 0.9	3
303	2010	 3	 1.0	3
303	2010	 4	 0.7	3
303	2010	 5	 5.4	3
303	2010	 6	 8.8	3
303	2010	 7	 9.5	3
303	2010	 8	10.3	3
303	2010	 9	 8.4	3
303	2010	10	 4.1	3
303	2010	11	-2.0	3
303	2010	12	-1.4	3
303	2011	 1	-0.7	2
303	2011	 2	-0.6	2
303	2011	 3	-2.2	2
303	2011	 4	 2.9	2
303	2011	 5	 4.0	2
303	2011	 6	 5.3	2
303	2011	 7	 9.5	2
303	2011	 8	 8.5	2
303	2011	 9	 6.8	2
303	2011	10	 3.2	2
303	2011	11	 1.7	2
303	2011	12	-4.5	2
303	2012	 1	-1.2	2
303	2012	 2	 0.7	2
303	2012	 3	 1.6	2
303	2012	 4	 2.4	2
303	2012	 5	 4.7	2
303	2012	 6	 7.8	2
303	2012	 7	10.5	2
303	2012	 8	10.1	2
303	2012	 9	 5.7	2
303	2012	10	 2.0	2
303	2012	11	-1.7	2
303	2012	12	-1.8	2
303	2013	 1	 0.5	2
303	2013	 2	 0.8	2
303	2013	 3	-1.3	2
303	2013	 4	-0.3	2
303	2013	 5	 4.0	2
303	2013	 6	 8.8	2
303	2013	 7	 9.2	2
303	2013	 8	 8.6	2
303	2013	 9	 5.7	2
303	2013	10	 2.5	2
303	2013	11	-0.4	2
303	2013	12	-2.8	2
303	2014	 1	-0.1	2
303	2014	 2	-0.8	2
303	2014	 3	 0.2	2
303	2014	 4	 2.0	2
303	2014	 5	 5.9	2
303	2014	 6	 9.8	2
303	2014	 7	10.1	2
303	2014	 8	 9.8	2
303	2014	 9	 8.6	2
303	2014	10	 2.0	2
303	2014	11	 2.4	2
303	2014	12	-2.3	2
303	2015	 1	-1.9	2
303	2015	 2	-2.1	2
303	2015	 3	-0.1	2
303	2015	 4	 1.1	2
303	2015	 5	 3.1	2
303	2015	 6	  NA	2
303	2015	 7	  NA	2
303	2015	 8	 8.1	2
303	2015	 9	 8.4	2
303	2015	10	 3.7	2
303	2015	11	 0.1	2
303	2015	12	-2.6	2
