178 Stykkishólmur Meðalhiti
nr	ar	 man	   t	mat
178	1830	 1	 1.4	2
178	1830	 2	-2.7	2
178	1830	 3	-2.5	2
178	1830	 4	 0.1	2
178	1830	 5	 8.3	2
178	1830	 6	10.6	2
178	1830	 7	10.5	2
178	1830	 8	10.5	2
178	1830	 9	 8.6	2
178	1830	10	 4.9	2
178	1830	11	-0.5	2
178	1830	12	-3.7	2
178	1831	 1	-0.8	2
178	1831	 2	-2.8	2
178	1831	 3	 1.3	2
178	1831	 4	 2.0	2
178	1831	 5	 4.7	2
178	1831	 6	11.7	2
178	1831	 7	10.5	2
178	1831	 8	 8.6	2
178	1831	 9	 7.3	2
178	1831	10	 3.8	2
178	1831	11	-1.3	2
178	1831	12	 0.8	2
178	1832	 1	-0.1	2
178	1832	 2	-3.2	2
178	1832	 3	-3.1	2
178	1832	 4	 1.0	2
178	1832	 5	 3.9	2
178	1832	 6	 7.4	2
178	1832	 7	 8.8	2
178	1832	 8	 7.4	2
178	1832	 9	 5.4	2
178	1832	10	 2.6	2
178	1832	11	 1.8	2
178	1832	12	-1.1	2
178	1833	 1	 0.8	2
178	1833	 2	-2.2	2
178	1833	 3	 0.5	2
178	1833	 4	 0.6	2
178	1833	 5	 5.7	2
178	1833	 6	 8.4	2
178	1833	 7	 8.8	2
178	1833	 8	 8.3	2
178	1833	 9	 6.6	2
178	1833	10	 2.3	2
178	1833	11	 0.5	2
178	1833	12	-2.7	2
178	1834	 1	-1.4	2
178	1834	 2	-2.6	2
178	1834	 3	-0.6	2
178	1834	 4	 1.0	2
178	1834	 5	 4.8	2
178	1834	 6	 7.0	2
178	1834	 7	 9.6	2
178	1834	 8	 8.5	2
178	1834	 9	 6.4	2
178	1834	10	 2.0	2
178	1834	11	 0.4	2
178	1834	12	 2.2	2
178	1835	 1	-5.9	2
178	1835	 2	-5.0	2
178	1835	 3	-3.0	2
178	1835	 4	-0.6	2
178	1835	 5	 4.5	2
178	1835	 6	 8.5	2
178	1835	 7	11.0	2
178	1835	 8	11.6	2
178	1835	 9	 7.1	2
178	1835	10	 1.0	2
178	1835	11	 2.9	2
178	1835	12	 0.7	2
178	1836	 1	-3.2	2
178	1836	 2	-6.8	2
178	1836	 3	-3.4	2
178	1836	 4	-2.5	2
178	1836	 5	 5.7	2
178	1836	 6	 7.8	2
178	1836	 7	10.4	2
178	1836	 8	 7.9	2
178	1836	 9	 6.0	2
178	1836	10	 1.6	2
178	1836	11	-2.4	2
178	1836	12	-3.0	2
178	1837	 1	-1.4	2
178	1837	 2	-1.4	2
178	1837	 3	-3.8	2
178	1837	 4	-1.4	2
178	1837	 5	 3.7	2
178	1837	 6	 8.8	2
178	1837	 7	10.8	2
178	1837	 8	10.0	2
178	1837	 9	 7.7	2
178	1837	10	 3.6	2
178	1837	11	-3.4	2
178	1837	12	 1.6	2
178	1838	 1	 0.0	2
178	1838	 2	-1.3	2
178	1838	 3	-2.1	2
178	1838	 4	-1.2	2
178	1838	 5	 5.9	2
178	1838	 6	 8.5	2
178	1838	 7	12.0	2
178	1838	 8	 9.7	2
178	1838	 9	 6.3	2
178	1838	10	 2.6	2
178	1838	11	-2.3	2
178	1838	12	 0.1	2
178	1839	 1	-5.1	2
178	1839	 2	-5.5	2
178	1839	 3	-1.6	2
178	1839	 4	 2.5	2
178	1839	 5	 3.5	2
178	1839	 6	 7.8	2
178	1839	 7	 9.8	2
178	1839	 8	10.2	2
178	1839	 9	 7.7	2
178	1839	10	 3.1	2
178	1839	11	 0.4	2
178	1839	12	-3.2	2
178	1840	 1	-5.2	2
178	1840	 2	 0.5	2
178	1840	 3	 3.1	2
178	1840	 4	 0.3	2
178	1840	 5	 4.1	2
178	1840	 6	 8.6	2
178	1840	 7	 8.8	2
178	1840	 8	 9.5	2
178	1840	 9	 5.2	2
178	1840	10	 4.7	2
178	1840	11	 2.1	2
178	1840	12	 1.6	2
178	1841	 1	-2.3	2
178	1841	 2	 0.8	2
178	1841	 3	 1.1	2
178	1841	 4	 2.3	2
178	1841	 5	 5.0	2
178	1841	 6	 8.6	2
178	1841	 7	 9.0	2
178	1841	 8	 7.6	2
178	1841	 9	 7.9	2
178	1841	10	 1.4	2
178	1841	11	-4.5	2
178	1841	12	-4.1	2
178	1842	 1	 0.7	2
178	1842	 2	-0.5	2
178	1842	 3	 0.5	2
178	1842	 4	 3.5	2
178	1842	 5	 6.9	2
178	1842	 6	 8.5	2
178	1842	 7	11.7	2
178	1842	 8	10.5	2
178	1842	 9	 7.8	2
178	1842	10	 3.7	2
178	1842	11	-1.3	2
178	1842	12	 0.1	2
178	1843	 1	-5.1	2
178	1843	 2	-4.9	2
178	1843	 3	-0.6	2
178	1843	 4	 1.0	2
178	1843	 5	 6.1	2
178	1843	 6	 9.0	2
178	1843	 7	10.4	2
178	1843	 8	11.0	2
178	1843	 9	 8.1	2
178	1843	10	 0.9	2
178	1843	11	-0.3	2
178	1843	12	 0.0	2
178	1844	 1	-1.0	2
178	1844	 2	-6.0	2
178	1844	 3	-0.6	2
178	1844	 4	 0.0	2
178	1844	 5	 5.7	2
178	1844	 6	 9.3	2
178	1844	 7	10.5	2
178	1844	 8	10.2	2
178	1844	 9	 7.5	2
178	1844	10	 3.2	2
178	1844	11	 1.2	2
178	1844	12	 0.9	2
178	1845	 1	-2.8	2
178	1845	 2	-1.6	2
178	1845	 3	 1.0	2
178	1845	 4	 3.9	2
178	1845	 5	 7.5	2
178	1845	 6	 8.0	2
178	1845	 7	10.8	2
178	1845	 8	 9.8	2
178	1845	 9	 6.9	2
178	1845	10	 4.3	2
178	1845	11	-0.5	2
178	1845	12	-3.9	2
178	1846	 1	-1.2	5
178	1846	 2	 0.7	5
178	1846	 3	-2.2	5
178	1846	 4	 1.6	5
178	1846	 5	 6.5	5
178	1846	 6	10.4	5
178	1846	 7	10.3	5
178	1846	 8	11.0	5
178	1846	 9	 8.8	5
178	1846	10	 2.7	5
178	1846	11	 3.5	5
178	1846	12	-0.8	5
178	1847	 1	 3.4	5
178	1847	 2	 0.0	5
178	1847	 3	 3.6	5
178	1847	 4	 1.9	5
178	1847	 5	 6.0	5
178	1847	 6	 9.5	5
178	1847	 7	11.9	5
178	1847	 8	 9.9	5
178	1847	 9	 5.2	5
178	1847	10	 4.9	5
178	1847	11	-0.8	5
178	1847	12	-2.1	5
178	1848	 1	-0.7	5
178	1848	 2	-8.4	5
178	1848	 3	-0.4	5
178	1848	 4	-1.2	5
178	1848	 5	 4.4	5
178	1848	 6	 6.9	5
178	1848	 7	 9.0	5
178	1848	 8	 8.3	5
178	1848	 9	 6.6	5
178	1848	10	 4.5	5
178	1848	11	-0.3	5
178	1848	12	-0.9	5
178	1849	 1	-3.2	5
178	1849	 2	-4.1	5
178	1849	 3	-1.7	5
178	1849	 4	 1.0	5
178	1849	 5	 5.4	5
178	1849	 6	 7.4	5
178	1849	 7	10.4	5
178	1849	 8	10.3	5
178	1849	 9	 8.4	5
178	1849	10	 2.9	5
178	1849	11	 0.6	5
178	1849	12	 1.8	5
178	1850	 1	-1.4	5
178	1850	 2	-3.3	5
178	1850	 3	-0.9	5
178	1850	 4	 3.2	5
178	1850	 5	 3.8	5
178	1850	 6	 6.6	5
178	1850	 7	 9.1	5
178	1850	 8	 6.9	5
178	1850	 9	 8.1	5
178	1850	10	 3.2	5
178	1850	11	 0.9	5
178	1850	12	 2.5	5
178	1851	 1	 0.9	5
178	1851	 2	-0.4	5
178	1851	 3	 0.5	5
178	1851	 4	 2.6	5
178	1851	 5	 6.0	5
178	1851	 6	 5.9	5
178	1851	 7	 8.8	5
178	1851	 8	 8.4	5
178	1851	 9	 7.1	5
178	1851	10	 3.7	5
178	1851	11	 2.2	5
178	1851	12	 3.1	5
178	1852	 1	-1.8	5
178	1852	 2	-0.7	5
178	1852	 3	 2.4	5
178	1852	 4	 5.3	5
178	1852	 5	 6.2	5
178	1852	 6	 8.9	5
178	1852	 7	10.4	5
178	1852	 8	 9.3	5
178	1852	 9	 7.0	5
178	1852	10	 4.4	5
178	1852	11	 0.0	5
178	1852	12	-3.3	5
178	1853	 1	-5.2	5
178	1853	 2	-3.4	5
178	1853	 3	-0.2	5
178	1853	 4	 1.0	5
178	1853	 5	 5.6	5
178	1853	 6	 8.9	5
178	1853	 7	10.5	5
178	1853	 8	10.3	5
178	1853	 9	 7.4	5
178	1853	10	 1.9	5
178	1853	11	 0.3	5
178	1853	12	 0.6	5
178	1854	 1	-1.5	5
178	1854	 2	-2.3	5
178	1854	 3	 1.1	5
178	1854	 4	 1.6	5
178	1854	 5	 3.2	5
178	1854	 6	 8.4	5
178	1854	 7	11.2	5
178	1854	 8	10.0	5
178	1854	 9	 7.1	5
178	1854	10	 1.4	5
178	1854	11	 0.3	5
178	1854	12	-4.0	5
178	1855	 1	-2.2	5
178	1855	 2	-7.6	5
178	1855	 3	-3.3	5
178	1855	 4	 1.1	5
178	1855	 5	 4.2	5
178	1855	 6	 8.2	5
178	1855	 7	11.6	5
178	1855	 8	 9.2	5
178	1855	 9	 6.9	5
178	1855	10	 0.3	5
178	1855	11	 2.7	5
178	1855	12	-0.4	5
178	1856	 1	-6.2	5
178	1856	 2	-0.6	5
178	1856	 3	 4.7	5
178	1856	 4	 4.2	5
178	1856	 5	 6.4	5
178	1856	 6	 8.7	5
178	1856	 7	10.2	5
178	1856	 8	11.1	5
178	1856	 9	 6.9	5
178	1856	10	 6.6	5
178	1856	11	 0.2	5
178	1856	12	-4.2	5
178	1857	 1	-4.6	5
178	1857	 2	-3.1	5
178	1857	 3	-1.2	5
178	1857	 4	-1.0	5
178	1857	 5	 6.7	5
178	1857	 6	 8.2	5
178	1857	 7	 9.7	5
178	1857	 8	11.0	5
178	1857	 9	 9.3	5
178	1857	10	 4.0	5
178	1857	11	 3.7	5
178	1857	12	-1.8	5
178	1858	 1	-1.6	5
178	1858	 2	 0.6	5
178	1858	 3	-2.4	5
178	1858	 4	 1.2	5
178	1858	 5	 3.3	5
178	1858	 6	 7.7	5
178	1858	 7	 9.7	5
178	1858	 8	10.0	5
178	1858	 9	 6.8	5
178	1858	10	 1.8	5
178	1858	11	 2.1	5
178	1858	12	 0.7	5
178	1859	 1	-3.3	5
178	1859	 2	-5.2	5
178	1859	 3	-9.7	5
178	1859	 4	-6.5	5
178	1859	 5	 4.5	5
178	1859	 6	 8.1	5
178	1859	 7	10.3	5
178	1859	 8	 8.8	5
178	1859	 9	 6.5	5
178	1859	10	 2.3	5
178	1859	11	-0.3	5
178	1859	12	-4.2	5
178	1860	 1	-2.4	5
178	1860	 2	-2.1	5
178	1860	 3	-4.8	5
178	1860	 4	 1.4	5
178	1860	 5	 1.9	5
178	1860	 6	 7.0	5
178	1860	 7	11.1	5
178	1860	 8	 9.0	5
178	1860	 9	 6.5	5
178	1860	10	 2.1	5
178	1860	11	 1.7	5
178	1860	12	-1.4	5
178	1861	 1	 0.7	5
178	1861	 2	-1.4	5
178	1861	 3	-3.2	5
178	1861	 4	 3.8	5
178	1861	 5	 5.1	5
178	1861	 6	 9.1	5
178	1861	 7	 9.8	5
178	1861	 8	 8.8	5
178	1861	 9	 8.0	5
178	1861	10	 3.8	5
178	1861	11	-2.8	5
178	1861	12	 1.2	5
178	1862	 1	 0.1	5
178	1862	 2	 1.5	5
178	1862	 3	-3.6	5
178	1862	 4	-2.6	5
178	1862	 5	 5.8	5
178	1862	 6	 7.2	5
178	1862	 7	 7.5	5
178	1862	 8	 9.7	5
178	1862	 9	 6.9	5
178	1862	10	 3.5	5
178	1862	11	-0.7	5
178	1862	12	-0.4	5
178	1863	 1	-2.5	5
178	1863	 2	-2.2	5
178	1863	 3	-1.2	5
178	1863	 4	 0.1	5
178	1863	 5	 2.5	5
178	1863	 6	 6.2	5
178	1863	 7	 9.4	5
178	1863	 8	 8.8	5
178	1863	 9	 5.8	5
178	1863	10	 1.8	5
178	1863	11	-1.3	5
178	1863	12	-4.0	5
178	1864	 1	-0.2	5
178	1864	 2	-1.6	5
178	1864	 3	-3.5	5
178	1864	 4	 2.5	5
178	1864	 5	 6.4	5
178	1864	 6	 7.7	5
178	1864	 7	10.0	5
178	1864	 8	 9.5	5
178	1864	 9	 7.1	5
178	1864	10	 4.6	5
178	1864	11	 3.1	5
178	1864	12	 0.8	5
178	1865	 1	-5.8	5
178	1865	 2	-3.0	5
178	1865	 3	-1.4	5
178	1865	 4	-0.9	5
178	1865	 5	 2.7	5
178	1865	 6	 7.9	5
178	1865	 7	 9.1	5
178	1865	 8	10.0	5
178	1865	 9	 6.5	5
178	1865	10	 2.6	5
178	1865	11	-0.4	5
178	1865	12	 1.1	5
178	1866	 1	-6.3	5
178	1866	 2	-7.7	5
178	1866	 3	-8.2	5
178	1866	 4	 0.6	5
178	1866	 5	 1.4	5
178	1866	 6	 7.5	5
178	1866	 7	 8.9	5
178	1866	 8	 8.3	5
178	1866	 9	 5.3	5
178	1866	10	 4.5	5
178	1866	11	-0.7	5
178	1866	12	-2.2	5
178	1867	 1	-5.8	5
178	1867	 2	-3.5	5
178	1867	 3	-3.9	5
178	1867	 4	-2.8	5
178	1867	 5	 3.3	5
178	1867	 6	 7.6	5
178	1867	 7	 9.7	5
178	1867	 8	 9.4	5
178	1867	 9	 7.3	5
178	1867	10	 3.7	5
178	1867	11	 3.1	5
178	1867	12	 0.8	5
178	1868	 1	-1.2	5
178	1868	 2	-5.5	5
178	1868	 3	-2.8	5
178	1868	 4	 2.3	5
178	1868	 5	 5.1	5
178	1868	 6	 7.3	5
178	1868	 7	 9.4	5
178	1868	 8	 7.8	5
178	1868	 9	 7.4	5
178	1868	10	 1.7	5
178	1868	11	 2.3	5
178	1868	12	 0.3	5
178	1869	 1	 0.6	5
178	1869	 2	-4.7	5
178	1869	 3	-4.0	5
178	1869	 4	-1.4	5
178	1869	 5	 2.6	5
178	1869	 6	 7.9	5
178	1869	 7	 7.6	5
178	1869	 8	 8.7	5
178	1869	 9	 4.6	5
178	1869	10	 3.8	5
178	1869	11	-2.7	5
178	1869	12	-3.0	5
178	1870	 1	-0.5	5
178	1870	 2	-1.1	5
178	1870	 3	-3.2	5
178	1870	 4	 0.2	5
178	1870	 5	 7.0	5
178	1870	 6	 7.7	5
178	1870	 7	10.1	5
178	1870	 8	11.1	5
178	1870	 9	 6.4	5
178	1870	10	 4.8	5
178	1870	11	 2.2	5
178	1870	12	 0.3	5
178	1871	 1	-1.0	5
178	1871	 2	-1.6	5
178	1871	 3	-4.4	5
178	1871	 4	-0.2	5
178	1871	 5	 6.2	5
178	1871	 6	10.5	5
178	1871	 7	 9.9	5
178	1871	 8	 8.7	5
178	1871	 9	 6.6	5
178	1871	10	 4.0	5
178	1871	11	 0.3	5
178	1871	12	 0.4	5
178	1872	 1	-2.7	5
178	1872	 2	 0.9	5
178	1872	 3	-1.2	5
178	1872	 4	-1.3	5
178	1872	 5	 3.9	5
178	1872	 6	 8.3	5
178	1872	 7	11.8	5
178	1872	 8	11.2	5
178	1872	 9	 7.6	5
178	1872	10	 2.7	5
178	1872	11	 0.5	5
178	1872	12	-2.3	5
178	1873	 1	-2.6	5
178	1873	 2	-1.1	5
178	1873	 3	 1.3	5
178	1873	 4	 3.9	5
178	1873	 5	 4.2	5
178	1873	 6	 7.6	5
178	1873	 7	 9.5	5
178	1873	 8	 9.8	5
178	1873	 9	 7.0	5
178	1873	10	 0.5	5
178	1873	11	-1.4	5
178	1873	12	-3.0	5
178	1874	 1	-8.6	5
178	1874	 2	-2.9	5
178	1874	 3	-1.8	5
178	1874	 4	 0.0	5
178	1874	 5	 5.2	5
178	1874	 6	 8.4	5
178	1874	 7	 9.3	5
178	1874	 8	 8.4	5
178	1874	 9	 5.7	5
178	1874	10	 1.1	5
178	1874	11	 0.4	5
178	1874	12	-1.6	5
178	1875	 1	-2.0	5
178	1875	 2	-0.3	5
178	1875	 3	 2.3	5
178	1875	 4	 3.9	5
178	1875	 5	 5.2	5
178	1875	 6	 6.8	5
178	1875	 7	 9.0	5
178	1875	 8	 9.2	5
178	1875	 9	 7.9	5
178	1875	10	 4.3	5
178	1875	11	 0.0	5
178	1875	12	 1.0	5
178	1876	 1	 0.7	5
178	1876	 2	-2.1	5
178	1876	 3	-4.0	5
178	1876	 4	-4.2	5
178	1876	 5	 5.9	5
178	1876	 6	 7.2	5
178	1876	 7	 9.3	5
178	1876	 8	10.3	5
178	1876	 9	 8.0	5
178	1876	10	 5.0	5
178	1876	11	 3.2	5
178	1876	12	 0.0	5
178	1877	 1	-2.9	5
178	1877	 2	-3.9	5
178	1877	 3	-3.1	5
178	1877	 4	-0.9	5
178	1877	 5	 3.9	5
178	1877	 6	 6.8	5
178	1877	 7	 8.8	5
178	1877	 8	 9.0	5
178	1877	 9	 9.6	5
178	1877	10	 3.3	5
178	1877	11	-1.2	5
178	1877	12	-2.4	5
178	1878	 1	-2.1	5
178	1878	 2	-0.4	5
178	1878	 3	-1.2	5
178	1878	 4	 0.4	5
178	1878	 5	 2.8	5
178	1878	 6	 9.2	5
178	1878	 7	10.6	5
178	1878	 8	10.2	5
178	1878	 9	 6.2	5
178	1878	10	 1.9	5
178	1878	11	-0.4	5
178	1878	12	-5.1	5
178	1879	 1	 0.1	5
178	1879	 2	-2.9	5
178	1879	 3	-2.6	5
178	1879	 4	 1.3	5
178	1879	 5	 4.8	5
178	1879	 6	 7.9	5
178	1879	 7	 9.2	5
178	1879	 8	10.3	5
178	1879	 9	 5.4	5
178	1879	10	 4.5	5
178	1879	11	 2.5	5
178	1879	12	 0.6	5
178	1880	 1	 0.3	5
178	1880	 2	-1.5	5
178	1880	 3	 2.9	5
178	1880	 4	 4.7	5
178	1880	 5	 5.8	5
178	1880	 6	 9.5	5
178	1880	 7	12.3	5
178	1880	 8	12.0	5
178	1880	 9	 7.0	5
178	1880	10	 2.2	5
178	1880	11	-2.0	5
178	1880	12	-7.9	5
178	1881	 1	-8.4	5
178	1881	 2	-9.6	5
178	1881	 3	-13.3	5
178	1881	 4	 3.0	5
178	1881	 5	 5.1	5
178	1881	 6	 7.2	5
178	1881	 7	 9.2	5
178	1881	 8	 8.5	5
178	1881	 9	 9.8	5
178	1881	10	 4.8	5
178	1881	11	 1.8	5
178	1881	12	-0.3	5
178	1882	 1	-0.8	5
178	1882	 2	-4.2	5
178	1882	 3	-4.4	5
178	1882	 4	-2.2	5
178	1882	 5	 1.9	5
178	1882	 6	 5.6	5
178	1882	 7	 8.0	5
178	1882	 8	 6.5	5
178	1882	 9	 6.1	5
178	1882	10	 6.7	5
178	1882	11	 0.0	5
178	1882	12	-2.1	5
178	1883	 1	-0.9	5
178	1883	 2	-0.4	5
178	1883	 3	-1.0	5
178	1883	 4	 2.1	5
178	1883	 5	 1.9	5
178	1883	 6	 7.9	5
178	1883	 7	10.2	5
178	1883	 8	 8.7	5
178	1883	 9	 7.8	5
178	1883	10	 4.1	5
178	1883	11	 2.1	5
178	1883	12	-0.3	5
178	1884	 1	-2.3	5
178	1884	 2	-0.5	5
178	1884	 3	 1.6	5
178	1884	 4	 3.2	5
178	1884	 5	 3.1	5
178	1884	 6	 8.2	5
178	1884	 7	10.3	5
178	1884	 8	 9.7	5
178	1884	 9	 7.3	5
178	1884	10	 2.6	5
178	1884	11	 1.0	5
178	1884	12	-0.4	5
178	1885	 1	 0.9	5
178	1885	 2	-6.9	5
178	1885	 3	-3.0	5
178	1885	 4	-0.5	5
178	1885	 5	 2.9	5
178	1885	 6	 6.1	5
178	1885	 7	 8.8	5
178	1885	 8	 9.6	5
178	1885	 9	 7.0	5
178	1885	10	 2.4	5
178	1885	11	 0.6	5
178	1885	12	-2.7	5
178	1886	 1	-5.5	5
178	1886	 2	-3.6	5
178	1886	 3	-1.8	5
178	1886	 4	-0.8	5
178	1886	 5	 2.7	5
178	1886	 6	 6.5	5
178	1886	 7	 8.9	5
178	1886	 8	 8.0	5
178	1886	 9	 7.1	5
178	1886	10	 5.4	5
178	1886	11	 1.5	5
178	1886	12	-3.7	5
178	1887	 1	-1.7	5
178	1887	 2	-1.4	5
178	1887	 3	-1.8	5
178	1887	 4	-0.8	5
178	1887	 5	 3.9	5
178	1887	 6	 7.9	5
178	1887	 7	 8.1	5
178	1887	 8	 8.4	5
178	1887	 9	 7.5	5
178	1887	10	 3.0	5
178	1887	11	-1.2	5
178	1887	12	-3.4	5
178	1888	 1	-0.7	5
178	1888	 2	-1.1	5
178	1888	 3	-4.3	5
178	1888	 4	 0.0	5
178	1888	 5	 1.9	5
178	1888	 6	 8.5	5
178	1888	 7	 9.3	5
178	1888	 8	 8.5	5
178	1888	 9	 7.0	5
178	1888	10	 3.4	5
178	1888	11	 2.1	5
178	1888	12	-0.4	5
178	1889	 1	-2.3	5
178	1889	 2	-3.6	5
178	1889	 3	-1.4	5
178	1889	 4	 1.1	5
178	1889	 5	 7.0	5
178	1889	 6	 9.3	5
178	1889	 7	10.8	5
178	1889	 8	10.6	5
178	1889	 9	 8.6	5
178	1889	10	 5.3	5
178	1889	11	 2.3	5
178	1889	12	 0.0	5
178	1890	 1	-1.6	5
178	1890	 2	 0.9	5
178	1890	 3	-2.0	5
178	1890	 4	 2.3	5
178	1890	 5	 6.3	5
178	1890	 6	 7.4	5
178	1890	 7	10.0	5
178	1890	 8	 9.3	5
178	1890	 9	 6.8	5
178	1890	10	 3.2	5
178	1890	11	 1.2	5
178	1890	12	 1.5	5
178	1891	 1	-0.5	5
178	1891	 2	 0.6	5
178	1891	 3	-4.7	5
178	1891	 4	 2.0	5
178	1891	 5	 4.2	5
178	1891	 6	10.0	5
178	1891	 7	11.0	5
178	1891	 8	 9.7	5
178	1891	 9	 7.2	5
178	1891	10	 5.8	5
178	1891	11	 0.5	5
178	1891	12	-1.3	5
178	1892	 1	-4.1	5
178	1892	 2	-6.4	5
178	1892	 3	-4.6	5
178	1892	 4	-0.8	5
178	1892	 5	 2.1	5
178	1892	 6	 6.3	5
178	1892	 7	 8.6	5
178	1892	 8	 8.1	5
178	1892	 9	 5.6	5
178	1892	10	 3.8	5
178	1892	11	-0.2	5
178	1892	12	-3.2	5
178	1893	 1	-0.7	5
178	1893	 2	-2.5	5
178	1893	 3	-1.6	5
178	1893	 4	 2.6	5
178	1893	 5	 5.6	5
178	1893	 6	 8.5	5
178	1893	 7	10.4	5
178	1893	 8	10.3	5
178	1893	 9	 6.5	5
178	1893	10	 2.2	5
178	1893	11	-0.5	5
178	1893	12	-3.0	5
178	1894	 1	-2.3	5
178	1894	 2	-2.6	5
178	1894	 3	-0.9	5
178	1894	 4	 3.7	5
178	1894	 5	 5.1	5
178	1894	 6	 9.0	5
178	1894	 7	11.7	5
178	1894	 8	10.5	5
178	1894	 9	 8.6	5
178	1894	10	 4.3	5
178	1894	11	 2.0	5
178	1894	12	-2.1	5
178	1895	 1	-2.5	5
178	1895	 2	 0.6	5
178	1895	 3	-0.5	5
178	1895	 4	-0.3	5
178	1895	 5	 6.6	5
178	1895	 6	 9.0	5
178	1895	 7	10.0	5
178	1895	 8	 8.9	5
178	1895	 9	 7.5	5
178	1895	10	 2.4	5
178	1895	11	 1.2	5
178	1895	12	-1.1	5
178	1896	 1	-2.2	5
178	1896	 2	 0.2	5
178	1896	 3	-3.0	5
178	1896	 4	 1.8	5
178	1896	 5	 5.7	5
178	1896	 6	 6.8	5
178	1896	 7	 9.7	5
178	1896	 8	 8.9	5
178	1896	 9	 6.1	5
178	1896	10	 1.2	5
178	1896	11	 0.7	5
178	1896	12	 0.7	5
178	1897	 1	-1.0	5
178	1897	 2	-2.6	5
178	1897	 3	-0.8	5
178	1897	 4	 1.9	5
178	1897	 5	 3.6	5
178	1897	 6	 7.0	5
178	1897	 7	 9.7	5
178	1897	 8	 8.9	5
178	1897	 9	 6.9	5
178	1897	10	 4.7	5
178	1897	11	 1.3	5
178	1897	12	 0.6	5
178	1898	 1	-0.7	5
178	1898	 2	-3.9	5
178	1898	 3	-1.4	5
178	1898	 4	 1.1	5
178	1898	 5	 3.7	5
178	1898	 6	 8.4	5
178	1898	 7	 9.5	5
178	1898	 8	 8.5	5
178	1898	 9	 7.6	5
178	1898	10	 5.5	5
178	1898	11	 0.0	5
178	1898	12	-0.9	5
178	1899	 1	-2.3	5
178	1899	 2	-1.2	5
178	1899	 3	-3.9	5
178	1899	 4	-2.0	5
178	1899	 5	 5.1	5
178	1899	 6	 8.7	5
178	1899	 7	10.0	5
178	1899	 8	10.9	5
178	1899	 9	 6.0	5
178	1899	10	 2.4	5
178	1899	11	-0.7	5
178	1899	12	-1.2	5
178	1900	 1	-0.1	5
178	1900	 2	-2.8	5
178	1900	 3	-1.0	5
178	1900	 4	 0.7	5
178	1900	 5	 3.9	5
178	1900	 6	 8.7	5
178	1900	 7	10.8	5
178	1900	 8	10.7	5
178	1900	 9	 7.4	5
178	1900	10	 2.6	5
178	1900	11	 1.1	5
178	1900	12	-0.7	5
178	1901	 1	 0.2	5
178	1901	 2	 0.3	5
178	1901	 3	-0.1	5
178	1901	 4	-1.0	5
178	1901	 5	 5.5	5
178	1901	 6	 8.6	5
178	1901	 7	10.6	5
178	1901	 8	 9.6	5
178	1901	 9	 9.5	5
178	1901	10	 2.9	5
178	1901	11	 1.8	5
178	1901	12	-1.9	5
178	1902	 1	-4.5	5
178	1902	 2	-4.7	5
178	1902	 3	-4.7	5
178	1902	 4	-0.7	5
178	1902	 5	 3.5	5
178	1902	 6	 7.9	5
178	1902	 7	 9.4	5
178	1902	 8	 9.1	5
178	1902	 9	 8.3	5
178	1902	10	 5.6	5
178	1902	11	 2.1	5
178	1902	12	 0.6	5
178	1903	 1	-2.1	5
178	1903	 2	-2.5	5
178	1903	 3	-2.9	5
178	1903	 4	-1.4	5
178	1903	 5	 3.9	5
178	1903	 6	 7.8	5
178	1903	 7	10.1	5
178	1903	 8	 6.4	5
178	1903	 9	 7.4	5
178	1903	10	 2.7	5
178	1903	11	-0.4	5
178	1903	12	 0.3	5
178	1904	 1	-2.1	5
178	1904	 2	-2.5	5
178	1904	 3	-1.8	5
178	1904	 4	 0.3	5
178	1904	 5	 4.6	5
178	1904	 6	 8.7	5
178	1904	 7	10.6	5
178	1904	 8	 9.5	5
178	1904	 9	 8.1	5
178	1904	10	 2.1	5
178	1904	11	-0.3	5
178	1904	12	-1.1	5
178	1905	 1	-2.8	5
178	1905	 2	-3.3	5
178	1905	 3	 1.0	5
178	1905	 4	 0.3	5
178	1905	 5	 5.2	5
178	1905	 6	 9.6	5
178	1905	 7	 9.6	5
178	1905	 8	 9.2	5
178	1905	 9	 6.6	5
178	1905	10	 3.8	5
178	1905	11	 1.7	5
178	1905	12	 0.5	5
178	1906	 1	 0.0	5
178	1906	 2	-2.9	5
178	1906	 3	-1.1	5
178	1906	 4	-0.9	5
178	1906	 5	 1.4	5
178	1906	 6	 9.0	5
178	1906	 7	 9.0	5
178	1906	 8	 9.2	5
178	1906	 9	 8.2	5
178	1906	10	 4.4	5
178	1906	11	 1.1	5
178	1906	12	-3.1	5
178	1907	 1	-1.2	5
178	1907	 2	-4.8	5
178	1907	 3	-3.1	5
178	1907	 4	 1.0	5
178	1907	 5	 3.8	5
178	1907	 6	 5.9	5
178	1907	 7	 9.0	5
178	1907	 8	 7.8	5
178	1907	 9	 6.0	5
178	1907	10	 2.7	5
178	1907	11	 0.9	5
178	1907	12	 1.6	5
178	1908	 1	-0.7	5
178	1908	 2	-2.5	5
178	1908	 3	 0.3	5
178	1908	 4	 2.2	5
178	1908	 5	 4.0	5
178	1908	 6	 8.0	5
178	1908	 7	12.0	5
178	1908	 8	 9.3	5
178	1908	 9	 8.0	5
178	1908	10	 6.8	5
178	1908	11	 1.4	5
178	1908	12	 0.5	5
178	1909	 1	-1.8	5
178	1909	 2	 1.3	5
178	1909	 3	-1.4	5
178	1909	 4	 3.3	5
178	1909	 5	 4.6	5
178	1909	 6	10.0	5
178	1909	 7	10.3	5
178	1909	 8	 9.3	5
178	1909	 9	 7.9	5
178	1909	10	 1.8	5
178	1909	11	 1.8	5
178	1909	12	-4.1	5
178	1910	 1	-3.0	5
178	1910	 2	-3.0	5
178	1910	 3	-0.5	5
178	1910	 4	-1.5	5
178	1910	 5	 3.5	5
178	1910	 6	 6.8	5
178	1910	 7	10.3	5
178	1910	 8	10.1	5
178	1910	 9	 6.9	5
178	1910	10	 5.6	5
178	1910	11	-1.6	5
178	1910	12	-0.6	5
178	1911	 1	-1.2	5
178	1911	 2	-3.0	5
178	1911	 3	 0.3	5
178	1911	 4	 0.5	5
178	1911	 5	 5.5	5
178	1911	 6	 8.1	5
178	1911	 7	 9.2	5
178	1911	 8	 8.7	5
178	1911	 9	 5.9	5
178	1911	10	 4.7	5
178	1911	11	 1.2	5
178	1911	12	 0.9	5
178	1912	 1	 0.5	5
178	1912	 2	-3.5	5
178	1912	 3	-1.1	5
178	1912	 4	 1.6	5
178	1912	 5	 6.0	5
178	1912	 6	 9.5	5
178	1912	 7	 9.8	5
178	1912	 8	 7.8	5
178	1912	 9	 8.2	5
178	1912	10	 4.5	5
178	1912	11	 0.4	5
178	1912	12	-1.5	5
178	1913	 1	-0.4	5
178	1913	 2	 0.1	5
178	1913	 3	-2.5	5
178	1913	 4	 2.0	5
178	1913	 5	 5.3	5
178	1913	 6	 7.6	5
178	1913	 7	10.4	5
178	1913	 8	 9.3	5
178	1913	 9	 7.8	5
178	1913	10	 3.4	5
178	1913	11	-0.1	5
178	1913	12	-0.8	5
178	1914	 1	 0.8	5
178	1914	 2	-3.6	5
178	1914	 3	-3.8	5
178	1914	 4	-1.3	5
178	1914	 5	 1.9	5
178	1914	 6	 7.1	5
178	1914	 7	 9.5	5
178	1914	 8	10.3	5
178	1914	 9	 6.4	5
178	1914	10	 5.2	5
178	1914	11	-0.8	5
178	1914	12	-1.1	5
178	1915	 1	-0.4	5
178	1915	 2	-2.9	5
178	1915	 3	-3.5	5
178	1915	 4	 1.0	5
178	1915	 5	 4.3	5
178	1915	 6	 8.6	5
178	1915	 7	 8.9	5
178	1915	 8	10.0	5
178	1915	 9	 8.2	5
178	1915	10	 7.4	5
178	1915	11	 2.9	5
178	1915	12	-1.5	5
178	1916	 1	-1.0	5
178	1916	 2	-0.9	5
178	1916	 3	-1.7	5
178	1916	 4	-1.4	5
178	1916	 5	 3.6	5
178	1916	 6	 8.7	5
178	1916	 7	10.9	5
178	1916	 8	10.8	5
178	1916	 9	 8.0	5
178	1916	10	 4.7	5
178	1916	11	 1.5	5
178	1916	12	-3.5	5
178	1917	 1	 0.3	5
178	1917	 2	 0.7	5
178	1917	 3	-0.1	5
178	1917	 4	-2.4	5
178	1917	 5	 4.2	5
178	1917	 6	 6.7	5
178	1917	 7	11.8	5
178	1917	 8	 9.4	5
178	1917	 9	 6.0	5
178	1917	10	-0.5	5
178	1917	11	-1.3	5
178	1917	12	-3.9	5
178	1918	 1	-12.2	5
178	1918	 2	-4.2	5
178	1918	 3	 0.3	5
178	1918	 4	 0.5	5
178	1918	 5	 6.3	5
178	1918	 6	 7.9	5
178	1918	 7	 8.8	5
178	1918	 8	 9.3	5
178	1918	 9	 5.3	5
178	1918	10	 3.4	5
178	1918	11	 1.4	5
178	1918	12	-0.9	5
178	1919	 1	-0.6	5
178	1919	 2	-2.0	5
178	1919	 3	-4.6	5
178	1919	 4	-1.1	5
178	1919	 5	 5.2	5
178	1919	 6	 8.3	5
178	1919	 7	10.8	5
178	1919	 8	 8.7	5
178	1919	 9	 6.4	5
178	1919	10	 3.6	5
178	1919	11	-1.8	5
178	1919	12	-1.4	5
178	1920	 1	-4.1	5
178	1920	 2	-3.9	5
178	1920	 3	-2.2	5
178	1920	 4	-1.5	5
178	1920	 5	 2.3	5
178	1920	 6	 9.0	5
178	1920	 7	 9.9	5
178	1920	 8	 9.2	5
178	1920	 9	 7.7	5
178	1920	10	 7.2	5
178	1920	11	 2.8	5
178	1920	12	 0.0	5
178	1921	 1	-2.1	5
178	1921	 2	 1.5	5
178	1921	 3	-2.8	5
178	1921	 4	 1.1	5
178	1921	 5	 3.3	5
178	1921	 6	 7.9	5
178	1921	 7	 9.0	5
178	1921	 8	 7.8	5
178	1921	 9	 5.8	5
178	1921	10	 2.5	5
178	1921	11	 1.4	5
178	1921	12	-0.4	5
178	1922	 1	 0.1	5
178	1922	 2	 0.2	5
178	1922	 3	 0.9	5
178	1922	 4	 0.2	5
178	1922	 5	 3.7	5
178	1922	 6	 7.1	5
178	1922	 7	 8.9	5
178	1922	 8	 8.9	5
178	1922	 9	 5.7	5
178	1922	10	 4.7	5
178	1922	11	 1.2	5
178	1922	12	 1.9	5
178	1923	 1	-2.1	5
178	1923	 2	 0.5	5
178	1923	 3	 3.7	5
178	1923	 4	 3.6	5
178	1923	 5	 3.9	5
178	1923	 6	 7.9	5
178	1923	 7	 8.9	5
178	1923	 8	 8.5	5
178	1923	 9	 5.1	5
178	1923	10	 2.7	5
178	1923	11	-1.5	5
178	1923	12	-1.6	5
178	1924	 1	 0.3	5
178	1924	 2	 0.1	5
178	1924	 3	-1.8	5
178	1924	 4	-0.4	5
178	1924	 5	 2.7	5
178	1924	 6	 8.0	5
178	1924	 7	 9.7	5
178	1924	 8	 9.2	5
178	1924	 9	 5.0	5
178	1924	10	 3.8	5
178	1924	11	 2.6	5
178	1924	12	 0.6	5
178	1925	 1	-0.7	5
178	1925	 2	-2.6	5
178	1925	 3	-0.3	5
178	1925	 4	 1.1	5
178	1925	 5	 4.4	5
178	1925	 6	 8.9	5
178	1925	 7	 9.9	5
178	1925	 8	 9.9	5
178	1925	 9	 7.5	5
178	1925	10	 3.1	5
178	1925	11	 1.9	5
178	1925	12	-2.5	5
178	1926	 1	 0.2	5
178	1926	 2	 1.0	5
178	1926	 3	-0.7	5
178	1926	 4	 4.9	5
178	1926	 5	 5.0	5
178	1926	 6	 9.1	5
178	1926	 7	11.1	5
178	1926	 8	 9.9	5
178	1926	 9	 5.8	5
178	1926	10	 0.6	5
178	1926	11	 0.3	5
178	1926	12	 0.4	5
178	1927	 1	-2.4	5
178	1927	 2	 0.6	5
178	1927	 3	 2.0	5
178	1927	 4	 0.9	5
178	1927	 5	 5.5	5
178	1927	 6	 8.5	5
178	1927	 7	11.1	5
178	1927	 8	10.0	5
178	1927	 9	 7.1	5
178	1927	10	 3.5	5
178	1927	11	 1.5	5
178	1927	12	 0.7	5
178	1928	 1	-1.0	5
178	1928	 2	-0.3	5
178	1928	 3	 1.3	5
178	1928	 4	 3.5	5
178	1928	 5	 7.8	5
178	1928	 6	 7.7	5
178	1928	 7	10.3	5
178	1928	 8	11.1	5
178	1928	 9	 9.0	5
178	1928	10	 5.6	5
178	1928	11	 1.8	5
178	1928	12	 0.4	5
178	1929	 1	 1.8	5
178	1929	 2	 2.1	5
178	1929	 3	 5.4	5
178	1929	 4	 3.7	5
178	1929	 5	 4.6	5
178	1929	 6	 8.0	5
178	1929	 7	11.6	5
178	1929	 8	 9.5	5
178	1929	 9	 6.1	5
178	1929	10	 1.8	5
178	1929	11	-0.1	5
178	1929	12	 1.0	5
178	1930	 1	-2.0	5
178	1930	 2	 0.9	5
178	1930	 3	-3.3	5
178	1930	 4	 3.6	5
178	1930	 5	 6.3	5
178	1930	 6	 8.8	5
178	1930	 7	10.1	5
178	1930	 8	 9.4	5
178	1930	 9	 9.3	5
178	1930	10	 2.5	5
178	1930	11	-1.6	5
178	1930	12	 0.2	5
178	1931	 1	-1.8	5
178	1931	 2	-4.1	5
178	1931	 3	-0.7	5
178	1931	 4	 2.2	5
178	1931	 5	 5.4	5
178	1931	 6	 7.8	5
178	1931	 7	 9.8	5
178	1931	 8	11.6	5
178	1931	 9	 9.8	5
178	1931	10	 4.0	5
178	1931	11	 1.9	5
178	1931	12	-0.5	5
178	1932	 1	-1.6	5
178	1932	 2	 4.7	5
178	1932	 3	 1.7	5
178	1932	 4	-1.1	5
178	1932	 5	 7.0	5
178	1932	 6	 9.7	5
178	1932	 7	10.2	5
178	1932	 8	11.2	5
178	1932	 9	 6.6	5
178	1932	10	 3.2	5
178	1932	11	 1.6	5
178	1932	12	 1.4	5
178	1933	 1	 0.9	5
178	1933	 2	-2.7	5
178	1933	 3	 0.4	5
178	1933	 4	 1.7	5
178	1933	 5	 7.8	5
178	1933	 6	 9.8	5
178	1933	 7	12.2	5
178	1933	 8	10.8	5
178	1933	 9	 9.2	5
178	1933	10	 3.3	5
178	1933	11	 3.9	5
178	1933	12	 4.0	5
178	1934	 1	-0.4	5
178	1934	 2	 0.4	5
178	1934	 3	-1.3	5
178	1934	 4	 2.1	5
178	1934	 5	 4.0	5
178	1934	 6	 9.6	5
178	1934	 7	11.1	5
178	1934	 8	10.3	5
178	1934	 9	 8.2	5
178	1934	10	 3.0	5
178	1934	11	 1.0	5
178	1934	12	 1.4	5
178	1935	 1	 1.6	5
178	1935	 2	-4.9	5
178	1935	 3	 1.8	5
178	1935	 4	 1.1	5
178	1935	 5	 8.2	5
178	1935	 6	 8.3	5
178	1935	 7	10.2	5
178	1935	 8	10.0	5
178	1935	 9	 7.8	5
178	1935	10	 2.9	5
178	1935	11	 2.3	5
178	1935	12	-0.9	5
178	1936	 1	-4.6	5
178	1936	 2	-2.8	5
178	1936	 3	-1.1	5
178	1936	 4	 2.9	5
178	1936	 5	 7.4	5
178	1936	 6	 9.4	5
178	1936	 7	11.7	5
178	1936	 8	10.8	5
178	1936	 9	 8.8	5
178	1936	10	 5.4	5
178	1936	11	 2.2	5
178	1936	12	-2.8	5
178	1937	 1	-0.2	5
178	1937	 2	-2.0	5
178	1937	 3	-1.9	5
178	1937	 4	 3.1	5
178	1937	 5	 5.3	5
178	1937	 6	 9.2	5
178	1937	 7	10.4	5
178	1937	 8	10.1	5
178	1937	 9	 7.4	5
178	1937	10	 3.4	5
178	1937	11	 2.4	5
178	1937	12	 1.6	5
178	1938	 1	-1.0	5
178	1938	 2	 1.1	5
178	1938	 3	-0.1	5
178	1938	 4	 3.9	5
178	1938	 5	 4.0	5
178	1938	 6	 7.2	5
178	1938	 7	 9.4	5
178	1938	 8	10.5	5
178	1938	 9	 8.3	5
178	1938	10	 4.2	5
178	1938	11	 1.3	5
178	1938	12	 1.4	5
178	1939	 1	-1.6	5
178	1939	 2	-0.7	5
178	1939	 3	 1.9	5
178	1939	 4	 2.7	5
178	1939	 5	 7.4	5
178	1939	 6	10.0	5
178	1939	 7	11.3	5
178	1939	 8	11.8	5
178	1939	 9	10.8	5
178	1939	10	 6.9	5
178	1939	11	 0.8	5
178	1939	12	-0.2	5
178	1940	 1	 0.6	5
178	1940	 2	-0.3	5
178	1940	 3	-2.0	5
178	1940	 4	 0.9	5
178	1940	 5	 5.9	5
178	1940	 6	 9.2	5
178	1940	 7	 9.9	5
178	1940	 8	 9.4	5
178	1940	 9	 6.6	5
178	1940	10	 5.0	5
178	1940	11	 0.8	5
178	1940	12	 1.6	5
178	1941	 1	-0.5	5
178	1941	 2	-3.0	5
178	1941	 3	 0.3	5
178	1941	 4	 3.9	5
178	1941	 5	 6.9	5
178	1941	 6	10.3	5
178	1941	 7	11.3	5
178	1941	 8	 9.8	5
178	1941	 9	10.7	5
178	1941	10	 6.4	5
178	1941	11	 4.1	5
178	1941	12	 1.8	5
178	1942	 1	 1.5	5
178	1942	 2	 1.1	5
178	1942	 3	 1.3	5
178	1942	 4	 2.1	5
178	1942	 5	 5.9	5
178	1942	 6	 8.4	5
178	1942	 7	 9.8	5
178	1942	 8	10.1	5
178	1942	 9	 6.9	5
178	1942	10	 1.9	5
178	1942	11	 3.6	5
178	1942	12	 0.8	5
178	1943	 1	-1.8	5
178	1943	 2	-2.3	5
178	1943	 3	-0.3	5
178	1943	 4	 1.4	5
178	1943	 5	 3.5	5
178	1943	 6	 8.1	5
178	1943	 7	10.0	5
178	1943	 8	 7.8	5
178	1943	 9	 6.5	5
178	1943	10	 3.2	5
178	1943	11	 1.9	5
178	1943	12	 2.0	5
178	1944	 1	-2.7	5
178	1944	 2	-0.1	5
178	1944	 3	 0.6	5
178	1944	 4	 1.5	5
178	1944	 5	 5.4	5
178	1944	 6	 8.3	5
178	1944	 7	11.4	5
178	1944	 8	10.6	5
178	1944	 9	 7.0	5
178	1944	10	 3.8	5
178	1944	11	-0.5	5
178	1944	12	-0.6	5
178	1945	 1	-3.2	5
178	1945	 2	-1.5	5
178	1945	 3	 2.9	5
178	1945	 4	 3.4	5
178	1945	 5	 6.1	5
178	1945	 6	 8.9	5
178	1945	 7	11.2	5
178	1945	 8	11.1	5
178	1945	 9	 8.4	5
178	1945	10	 5.9	5
178	1945	11	 5.2	5
178	1945	12	 0.6	5
178	1946	 1	 2.5	5
178	1946	 2	-0.3	5
178	1946	 3	 1.5	5
178	1946	 4	 2.2	5
178	1946	 5	 7.5	5
178	1946	 6	 7.3	5
178	1946	 7	10.2	5
178	1946	 8	10.0	5
178	1946	 9	 7.7	5
178	1946	10	 7.8	5
178	1946	11	 1.5	5
178	1946	12	 2.8	5
178	1947	 1	 3.0	5
178	1947	 2	-2.3	5
178	1947	 3	-3.4	5
178	1947	 4	 0.3	5
178	1947	 5	 7.0	5
178	1947	 6	 9.2	5
178	1947	 7	10.3	5
178	1947	 8	11.1	5
178	1947	 9	 7.7	5
178	1947	10	 5.4	5
178	1947	11	-0.2	5
178	1947	12	 0.1	5
178	1948	 1	-0.1	5
178	1948	 2	 2.0	5
178	1948	 3	 2.8	5
178	1948	 4	 0.3	5
178	1948	 5	 4.0	5
178	1948	 6	 8.2	5
178	1948	 7	10.1	5
178	1948	 8	11.0	5
178	1948	 9	 5.7	5
178	1948	10	 2.8	5
178	1948	11	 2.4	5
178	1948	12	 0.0	5
178	1949	 1	-3.2	5
178	1949	 2	-0.4	5
178	1949	 3	-0.7	5
178	1949	 4	-1.3	5
178	1949	 5	 2.2	5
178	1949	 6	 9.0	5
178	1949	 7	10.6	5
178	1949	 8	 9.3	5
178	1949	 9	 8.2	5
178	1949	10	 4.3	5
178	1949	11	 2.2	5
178	1949	12	-1.3	5
178	1950	 1	 1.8	5
178	1950	 2	-1.4	5
178	1950	 3	 0.4	5
178	1950	 4	 0.8	5
178	1950	 5	 6.3	5
178	1950	 6	 8.8	5
178	1950	 7	11.0	5
178	1950	 8	11.0	5
178	1950	 9	 6.5	5
178	1950	10	 4.0	5
178	1950	11	 0.8	5
178	1950	12	-2.4	5
178	1951	 1	-2.5	5
178	1951	 2	-1.3	5
178	1951	 3	-3.6	5
178	1951	 4	-1.1	5
178	1951	 5	 6.5	5
178	1951	 6	 9.0	5
178	1951	 7	10.5	5
178	1951	 8	10.1	5
178	1951	 9	 8.1	5
178	1951	10	 4.6	5
178	1951	11	 1.0	5
178	1951	12	-0.9	5
178	1952	 1	-2.8	6
178	1952	 2	-0.7	6
178	1952	 3	 0.1	6
178	1952	 4	 1.1	6
178	1952	 5	 4.3	6
178	1952	 6	 6.5	6
178	1952	 7	 9.4	6
178	1952	 8	 9.1	6
178	1952	 9	 7.2	6
178	1952	10	 5.4	6
178	1952	11	 2.8	6
178	1952	12	 0.8	6
178	1953	 1	-0.1	6
178	1953	 2	 1.2	6
178	1953	 3	 1.3	6
178	1953	 4	-1.3	6
178	1953	 5	 5.2	6
178	1953	 6	 9.7	6
178	1953	 7	10.2	6
178	1953	 8	10.3	6
178	1953	 9	 9.0	6
178	1953	10	 3.9	6
178	1953	11	 1.5	6
178	1953	12	 2.3	6
178	1954	 1	 1.7	6
178	1954	 2	-0.4	6
178	1954	 3	-0.0	6
178	1954	 4	 3.5	6
178	1954	 5	 6.1	6
178	1954	 6	 8.4	6
178	1954	 7	 8.7	6
178	1954	 8	 9.3	6
178	1954	 9	 4.9	6
178	1954	10	 3.0	6
178	1954	11	 2.3	6
178	1954	12	-0.9	6
178	1955	 1	-2.3	6
178	1955	 2	-2.9	6
178	1955	 3	 0.1	6
178	1955	 4	 4.1	6
178	1955	 5	 4.6	6
178	1955	 6	 8.7	6
178	1955	 7	10.3	6
178	1955	 8	 9.8	6
178	1955	 9	 7.0	6
178	1955	10	 3.4	6
178	1955	11	 3.2	6
178	1955	12	-2.3	6
178	1956	 1	-3.4	6
178	1956	 2	 2.4	6
178	1956	 3	 2.6	6
178	1956	 4	 2.1	6
178	1956	 5	 5.4	6
178	1956	 6	 7.3	6
178	1956	 7	 9.5	6
178	1956	 8	 8.5	6
178	1956	 9	 8.1	6
178	1956	10	 4.5	6
178	1956	11	 4.3	6
178	1956	12	 1.9	6
178	1957	 1	 1.0	6
178	1957	 2	-2.4	6
178	1957	 3	-0.7	6
178	1957	 4	 3.7	6
178	1957	 5	 5.7	6
178	1957	 6	 8.8	6
178	1957	 7	10.9	6
178	1957	 8	10.6	6
178	1957	 9	 6.6	6
178	1957	10	 4.0	6
178	1957	11	 3.0	6
178	1957	12	-0.5	6
178	1958	 1	-2.2	6
178	1958	 2	-2.8	6
178	1958	 3	-1.0	6
178	1958	 4	 3.2	6
178	1958	 5	 3.5	6
178	1958	 6	 8.5	6
178	1958	 7	 9.9	6
178	1958	 8	 7.8	6
178	1958	 9	10.2	6
178	1958	10	 5.7	6
178	1958	11	 4.0	6
178	1958	12	 0.1	6
178	1959	 1	-3.7	6
178	1959	 2	 1.6	6
178	1959	 3	 2.5	6
178	1959	 4	 0.4	6
178	1959	 5	 6.2	6
178	1959	 6	 7.7	6
178	1959	 7	10.4	6
178	1959	 8	 8.6	6
178	1959	 9	 8.6	6
178	1959	10	 7.4	6
178	1959	11	 0.9	6
178	1959	12	-0.3	6
178	1960	 1	 1.1	6
178	1960	 2	-1.7	6
178	1960	 3	 1.7	6
178	1960	 4	 2.8	6
178	1960	 5	 6.8	6
178	1960	 6	 8.9	6
178	1960	 7	10.8	6
178	1960	 8	 9.6	6
178	1960	 9	 9.0	6
178	1960	10	 5.4	6
178	1960	11	 3.3	6
178	1960	12	 0.3	6
178	1961	 1	 1.0	6
178	1961	 2	-0.0	6
178	1961	 3	-0.3	6
178	1961	 4	 0.2	6
178	1961	 5	 6.7	6
178	1961	 6	 8.4	6
178	1961	 7	10.0	6
178	1961	 8	 9.7	6
178	1961	 9	 8.5	6
178	1961	10	 5.5	6
178	1961	11	 2.0	6
178	1961	12	-1.5	6
178	1962	 1	 0.2	6
178	1962	 2	-0.1	6
178	1962	 3	-2.8	6
178	1962	 4	 3.3	6
178	1962	 5	 5.0	6
178	1962	 6	 7.7	6
178	1962	 7	10.0	6
178	1962	 8	 9.2	6
178	1962	 9	 7.5	6
178	1962	10	 4.5	6
178	1962	11	 1.2	6
178	1962	12	 0.2	6
178	1963	 1	-0.1	6
178	1963	 2	 0.4	6
178	1963	 3	 2.5	6
178	1963	 4	 1.8	6
178	1963	 5	 3.4	6
178	1963	 6	 8.7	6
178	1963	 7	 8.4	6
178	1963	 8	 8.6	6
178	1963	 9	 5.8	6
178	1963	10	 4.5	6
178	1963	11	-1.2	6
178	1963	12	 1.3	6
178	1964	 1	 2.6	6
178	1964	 2	 2.3	6
178	1964	 3	 4.6	6
178	1964	 4	 3.3	6
178	1964	 5	 6.1	6
178	1964	 6	 8.9	6
178	1964	 7	 9.6	6
178	1964	 8	 8.8	6
178	1964	 9	 5.6	6
178	1964	10	 5.2	6
178	1964	11	 2.3	6
178	1964	12	-1.5	6
178	1965	 1	-1.2	6
178	1965	 2	 3.8	6
178	1965	 3	-2.3	6
178	1965	 4	 1.4	6
178	1965	 5	 4.9	6
178	1965	 6	 7.8	6
178	1965	 7	10.6	6
178	1965	 8	 9.6	6
178	1965	 9	 6.0	6
178	1965	10	 6.6	6
178	1965	11	 0.8	6
178	1965	12	-1.8	6
178	1966	 1	-2.2	6
178	1966	 2	-2.6	6
178	1966	 3	-1.8	6
178	1966	 4	 1.6	6
178	1966	 5	 4.3	6
178	1966	 6	 9.1	6
178	1966	 7	10.3	6
178	1966	 8	 9.5	6
178	1966	 9	 7.5	6
178	1966	10	 3.1	6
178	1966	11	-0.0	6
178	1966	12	-2.4	6
178	1967	 1	 0.0	6
178	1967	 2	 0.4	6
178	1967	 3	-4.2	6
178	1967	 4	 0.8	6
178	1967	 5	 3.5	6
178	1967	 6	 8.0	6
178	1967	 7	 9.0	6
178	1967	 8	 9.7	6
178	1967	 9	 7.6	6
178	1967	10	 2.4	6
178	1967	11	-0.0	6
178	1967	12	-1.4	6
178	1968	 1	-2.7	6
178	1968	 2	-2.7	6
178	1968	 3	-2.5	6
178	1968	 4	 0.7	6
178	1968	 5	 4.1	6
178	1968	 6	 7.0	6
178	1968	 7	10.9	6
178	1968	 8	 9.6	6
178	1968	 9	 8.5	6
178	1968	10	 1.9	6
178	1968	11	 4.1	6
178	1968	12	-0.0	6
178	1969	 1	-3.4	6
178	1969	 2	-3.9	6
178	1969	 3	-2.9	6
178	1969	 4	-0.2	6
178	1969	 5	 4.4	6
178	1969	 6	 8.9	6
178	1969	 7	 9.6	6
178	1969	 8	10.9	6
178	1969	 9	 5.9	6
178	1969	10	 3.8	6
178	1969	11	-1.2	6
178	1969	12	-0.6	6
178	1970	 1	-0.9	6
178	1970	 2	-2.9	6
178	1970	 3	-2.9	6
178	1970	 4	 1.2	6
178	1970	 5	 4.3	6
178	1970	 6	 8.5	6
178	1970	 7	 8.3	6
178	1970	 8	 9.2	6
178	1970	 9	 6.8	6
178	1970	10	 3.1	6
178	1970	11	 0.1	6
178	1970	12	 1.4	6
178	1971	 1	-4.6	6
178	1971	 2	-1.2	6
178	1971	 3	-0.6	6
178	1971	 4	 1.4	6
178	1971	 5	 5.4	6
178	1971	 6	 8.1	6
178	1971	 7	10.3	6
178	1971	 8	 9.7	6
178	1971	 9	 6.8	6
178	1971	10	 3.1	6
178	1971	11	 0.0	6
178	1971	12	-0.8	6
178	1972	 1	 2.3	6
178	1972	 2	 1.1	6
178	1972	 3	 1.2	6
178	1972	 4	 2.0	6
178	1972	 5	 6.7	6
178	1972	 6	 7.9	6
178	1972	 7	 9.5	6
178	1972	 8	 9.0	6
178	1972	 9	 7.9	6
178	1972	10	 3.9	6
178	1972	11	-0.1	6
178	1972	12	 0.4	6
178	1973	 1	 2.2	6
178	1973	 2	-3.5	6
178	1973	 3	 0.4	6
178	1973	 4	 2.1	6
178	1973	 5	 4.3	6
178	1973	 6	 6.8	6
178	1973	 7	 9.5	6
178	1973	 8	 9.5	6
178	1973	 9	 8.0	6
178	1973	10	 4.0	6
178	1973	11	-1.9	6
178	1973	12	-4.6	6
178	1974	 1	-0.1	6
178	1974	 2	-1.1	6
178	1974	 3	 2.6	6
178	1974	 4	 5.4	6
178	1974	 5	 7.3	6
178	1974	 6	 8.6	6
178	1974	 7	10.6	6
178	1974	 8	 9.2	6
178	1974	 9	 5.1	6
178	1974	10	 4.5	6
178	1974	11	 2.1	6
178	1974	12	-2.9	6
178	1975	 1	-4.5	6
178	1975	 2	 1.6	6
178	1975	 3	-0.9	6
178	1975	 4	 1.0	6
178	1975	 5	 5.4	6
178	1975	 6	 6.4	6
178	1975	 7	10.0	6
178	1975	 8	 9.9	6
178	1975	 9	 5.3	6
178	1975	10	 5.1	6
178	1975	11	 1.4	6
178	1975	12	-1.6	6
178	1976	 1	-3.6	6
178	1976	 2	-0.8	6
178	1976	 3	 0.5	6
178	1976	 4	 2.0	6
178	1976	 5	 4.7	6
178	1976	 6	 9.1	6
178	1976	 7	11.2	6
178	1976	 8	 9.7	6
178	1976	 9	 8.4	6
178	1976	10	 5.8	6
178	1976	11	 2.5	6
178	1976	12	-1.2	6
178	1977	 1	-3.0	6
178	1977	 2	-1.6	6
178	1977	 3	 0.7	6
178	1977	 4	 0.5	6
178	1977	 5	 6.5	6
178	1977	 6	 8.2	6
178	1977	 7	10.5	6
178	1977	 8	10.5	6
178	1977	 9	 7.0	6
178	1977	10	 4.0	6
178	1977	11	-0.8	6
178	1977	12	 0.1	6
178	1978	 1	-2.1	6
178	1978	 2	-2.4	6
178	1978	 3	-0.5	6
178	1978	 4	 3.3	6
178	1978	 5	 6.0	6
178	1978	 6	 7.9	6
178	1978	 7	10.6	6
178	1978	 8	11.0	6
178	1978	 9	 6.9	6
178	1978	10	 4.4	6
178	1978	11	 0.2	6
178	1978	12	 0.8	6
178	1979	 1	-4.1	6
178	1979	 2	-0.6	6
178	1979	 3	-4.6	6
178	1979	 4	 0.7	6
178	1979	 5	 0.9	6
178	1979	 6	 7.8	6
178	1979	 7	 8.7	6
178	1979	 8	 9.2	6
178	1979	 9	 4.8	6
178	1979	10	 4.4	6
178	1979	11	 0.4	6
178	1979	12	-0.3	6
178	1980	 1	-0.9	6
178	1980	 2	 0.6	6
178	1980	 3	 0.2	6
178	1980	 4	 3.2	6
178	1980	 5	 6.3	6
178	1980	 6	 8.5	6
178	1980	 7	10.4	6
178	1980	 8	10.1	6
178	1980	 9	 7.6	6
178	1980	10	 1.4	6
178	1980	11	 0.8	6
178	1980	12	-2.4	6
178	1981	 1	-3.1	6
178	1981	 2	-2.8	6
178	1981	 3	-2.7	6
178	1981	 4	 2.7	6
178	1981	 5	 4.5	6
178	1981	 6	 7.8	6
178	1981	 7	 9.7	6
178	1981	 8	10.4	6
178	1981	 9	 6.0	6
178	1981	10	 0.3	6
178	1981	11	-0.5	6
178	1981	12	-2.7	6
178	1982	 1	-2.6	6
178	1982	 2	 0.7	6
178	1982	 3	-0.0	6
178	1982	 4	 2.6	6
178	1982	 5	 3.2	6
178	1982	 6	 8.2	6
178	1982	 7	10.3	6
178	1982	 8	 8.5	6
178	1982	 9	 5.0	6
178	1982	10	 4.2	6
178	1982	11	-0.1	6
178	1982	12	-1.6	6
178	1983	 1	-2.8	6
178	1983	 2	 0.8	6
178	1983	 3	-2.0	6
178	1983	 4	-1.2	6
178	1983	 5	 3.7	6
178	1983	 6	 6.8	6
178	1983	 7	 8.7	6
178	1983	 8	 8.4	6
178	1983	 9	 6.0	6
178	1983	10	 3.1	6
178	1983	11	 0.9	6
178	1983	12	-1.1	6
178	1984	 1	-4.1	6
178	1984	 2	-0.6	6
178	1984	 3	 0.8	6
178	1984	 4	 2.5	6
178	1984	 5	 4.8	6
178	1984	 6	 8.0	6
178	1984	 7	10.7	6
178	1984	 8	 9.5	6
178	1984	 9	 6.7	6
178	1984	10	 3.3	6
178	1984	11	 0.4	6
178	1984	12	 0.6	6
178	1985	 1	-0.5	5
178	1985	 2	-0.1	5
178	1985	 3	-0.8	5
178	1985	 4	 2.3	5
178	1985	 5	 5.8	5
178	1985	 6	 8.6	5
178	1985	 7	 9.1	5
178	1985	 8	 9.1	5
178	1985	 9	 6.3	5
178	1985	10	 6.0	5
178	1985	11	 1.0	5
178	1985	12	-1.5	5
178	1986	 1	-1.1	6
178	1986	 2	 0.9	6
178	1986	 3	-0.1	6
178	1986	 4	 2.5	6
178	1986	 5	 3.7	6
178	1986	 6	 8.0	6
178	1986	 7	 9.4	6
178	1986	 8	 9.4	6
178	1986	 9	 7.1	6
178	1986	10	 2.6	6
178	1986	11	 0.5	6
178	1986	12	-0.7	6
178	1987	 1	 3.1	6
178	1987	 2	 0.1	6
178	1987	 3	-0.4	6
178	1987	 4	 2.4	6
178	1987	 5	 5.9	6
178	1987	 6	 8.3	6
178	1987	 7	10.6	6
178	1987	 8	10.3	6
178	1987	 9	 7.2	6
178	1987	10	 1.9	6
178	1987	11	 4.2	6
178	1987	12	 3.0	6
178	1988	 1	-2.7	6
178	1988	 2	-1.4	6
178	1988	 3	-1.8	6
178	1988	 4	-0.8	6
178	1988	 5	 5.7	6
178	1988	 6	 8.2	6
178	1988	 7	 9.5	6
178	1988	 8	 9.8	6
178	1988	 9	 6.4	6
178	1988	10	 3.9	6
178	1988	11	 2.8	6
178	1988	12	 0.4	6
178	1989	 1	-0.9	6
178	1989	 2	-3.5	6
178	1989	 3	-1.7	6
178	1989	 4	 0.8	6
178	1989	 5	 4.0	6
178	1989	 6	 8.3	6
178	1989	 7	 9.8	6
178	1989	 8	 9.5	6
178	1989	 9	 6.8	6
178	1989	10	 4.9	6
178	1989	11	 2.1	6
178	1989	12	 0.1	6
178	1990	 1	-0.1	6
178	1990	 2	-1.8	6
178	1990	 3	-2.3	6
178	1990	 4	-0.3	6
178	1990	 5	 6.2	6
178	1990	 6	 9.1	6
178	1990	 7	11.2	6
178	1990	 8	10.6	6
178	1990	 9	 6.4	6
178	1990	10	 4.6	6
178	1990	11	 3.5	6
178	1990	12	-0.1	6
178	1991	 1	 1.1	6
178	1991	 2	 1.1	6
178	1991	 3	 1.4	6
178	1991	 4	 0.7	6
178	1991	 5	 6.5	6
178	1991	 6	 7.9	6
178	1991	 7	11.8	6
178	1991	 8	10.8	6
178	1991	 9	 7.4	6
178	1991	10	 4.3	6
178	1991	11	 0.3	6
178	1991	12	 1.2	6
178	1992	 1	 2.4	6
178	1992	 2	-0.8	6
178	1992	 3	-0.2	6
178	1992	 4	 1.7	6
178	1992	 5	 5.0	6
178	1992	 6	 7.9	6
178	1992	 7	 9.1	6
178	1992	 8	 9.2	6
178	1992	 9	 6.5	6
178	1992	10	 4.6	6
178	1992	11	 1.3	6
178	1992	12	-0.5	6
178	1993	 1	-2.9	6
178	1993	 2	 0.2	6
178	1993	 3	 0.9	6
178	1993	 4	 2.9	6
178	1993	 5	 4.5	6
178	1993	 6	 8.0	6
178	1993	 7	 8.6	6
178	1993	 8	 8.8	6
178	1993	 9	 8.5	6
178	1993	10	 4.5	6
178	1993	11	 3.2	6
178	1993	12	-1.7	6
178	1994	 1	-2.3	6
178	1994	 2	 0.2	6
178	1994	 3	-1.6	6
178	1994	 4	 0.9	6
178	1994	 5	 6.0	6
178	1994	 6	 7.0	6
178	1994	 7	11.0	6
178	1994	 8	10.2	6
178	1994	 9	 6.7	6
178	1994	10	 2.5	6
178	1994	11	 1.2	6
178	1994	12	-1.1	6
178	1995	 1	-2.9	6
178	1995	 2	-3.1	6
178	1995	 3	-2.5	6
178	1995	 4	 0.4	6
178	1995	 5	 4.0	6
178	1995	 6	 8.2	6
178	1995	 7	 9.2	6
178	1995	 8	10.4	6
178	1995	 9	 7.7	6
178	1995	10	 2.9	6
178	1995	11	 1.8	6
178	1995	12	-0.7	6
178	1996	 1	 0.7	6
178	1996	 2	-1.1	6
178	1996	 3	 2.2	6
178	1996	 4	 2.6	6
178	1996	 5	 6.0	6
178	1996	 6	 8.6	6
178	1996	 7	10.6	6
178	1996	 8	 9.9	6
178	1996	 9	10.4	6
178	1996	10	 3.9	6
178	1996	11	-1.5	6
178	1996	12	-0.2	6
178	1997	 1	 0.0	6
178	1997	 2	-2.0	6
178	1997	 3	-1.5	6
178	1997	 4	 2.8	6
178	1997	 5	 4.5	6
178	1997	 6	 7.2	6
178	1997	 7	11.3	6
178	1997	 8	10.2	6
178	1997	 9	 7.6	6
178	1997	10	 4.7	6
178	1997	11	 2.8	6
178	1997	12	 1.9	6
178	1998	 1	 0.5	6
178	1998	 2	-1.8	6
178	1998	 3	-2.2	6
178	1998	 4	 2.0	6
178	1998	 5	 5.7	6
178	1998	 6	 8.1	6
178	1998	 7	 9.4	6
178	1998	 8	10.8	6
178	1998	 9	 7.4	6
178	1998	10	 2.8	6
178	1998	11	 1.5	6
178	1998	12	 0.6	6
178	1999	 1	-0.6	6
178	1999	 2	-1.6	6
178	1999	 3	-2.4	6
178	1999	 4	 1.2	6
178	1999	 5	 5.6	6
178	1999	 6	 8.6	6
178	1999	 7	10.6	6
178	1999	 8	10.7	6
178	1999	 9	 7.2	6
178	1999	10	 4.9	6
178	1999	11	 1.9	6
178	1999	12	-1.0	6
178	2000	 1	 0.7	6
178	2000	 2	-1.2	6
178	2000	 3	-0.2	6
178	2000	 4	 1.2	6
178	2000	 5	 5.8	6
178	2000	 6	 8.3	6
178	2000	 7	11.0	6
178	2000	 8	10.7	6
178	2000	 9	 8.0	6
178	2000	10	 4.1	6
178	2000	11	 1.2	6
178	2000	12	-0.6	6
178	2001	 1	 0.9	6
178	2001	 2	-0.7	6
178	2001	 3	-2.4	6
178	2001	 4	 1.8	6
178	2001	 5	 5.9	6
178	2001	 6	 8.1	6
178	2001	 7	 9.9	6
178	2001	 8	10.4	6
178	2001	 9	 8.9	6
178	2001	10	 5.2	6
178	2001	11	 1.8	6
178	2001	12	 2.4	6
178	2002	 1	 0.3	6
178	2002	 2	-4.2	6
178	2002	 3	-1.8	6
178	2002	 4	 2.5	6
178	2002	 5	 5.0	6
178	2002	 6	 9.1	6
178	2002	 7	10.1	6
178	2002	 8	 9.9	6
178	2002	 9	 8.9	6
178	2002	10	 5.1	6
178	2002	11	 3.6	6
178	2002	12	 3.9	6
178	2003	 1	 0.8	6
178	2003	 2	 1.5	6
178	2003	 3	 2.7	6
178	2003	 4	 4.9	6
178	2003	 5	 5.6	6
178	2003	 6	10.2	6
178	2003	 7	11.0	6
178	2003	 8	12.3	6
178	2003	 9	 8.4	6
178	2003	10	 5.0	6
178	2003	11	 2.3	6
178	2003	12	 0.1	6
178	2004	 1	-1.1	6
178	2004	 2	 0.6	6
178	2004	 3	 3.3	6
178	2004	 4	 3.9	6
178	2004	 5	 6.2	6
178	2004	 6	 9.7	6
178	2004	 7	11.3	6
178	2004	 8	12.0	6
178	2004	 9	 8.8	6
178	2004	10	 3.9	6
178	2004	11	 1.5	6
178	2004	12	-0.8	6
178	2005	 1	-0.5	6
178	2005	 2	 1.1	6
178	2005	 3	 2.6	6
178	2005	 4	 3.1	6
178	2005	 5	 4.8	6
178	2005	 6	 9.2	6
178	2005	 7	11.4	6
178	2005	 8	 9.9	6
178	2005	 9	 5.4	6
178	2005	10	 1.9	6
178	2005	11	 1.1	6
178	2005	12	 1.7	6
178	2006	 1	 1.5	6
178	2006	 2	 2.0	6
178	2006	 3	 0.5	6
178	2006	 4	 1.5	6
178	2006	 5	 5.0	6
178	2006	 6	 8.9	6
178	2006	 7	10.4	6
178	2006	 8	11.1	6
178	2006	 9	 8.4	6
178	2006	10	 3.9	6
178	2006	11	 0.3	6
178	2006	12	 2.1	6
178	2007	 1	-0.5	6
178	2007	 2	-1.1	6
178	2007	 3	 1.3	6
178	2007	 4	 4.2	6
178	2007	 5	 4.2	6
178	2007	 6	10.5	6
178	2007	 7	11.4	6
178	2007	 8	10.3	6
178	2007	 9	 7.6	6
178	2007	10	 5.4	6
178	2007	11	 2.7	6
178	2007	12	 1.2	6
178	2008	 1	-0.8	6
178	2008	 2	-0.5	6
178	2008	 3	-0.2	6
178	2008	 4	 2.5	6
178	2008	 5	 7.5	6
178	2008	 6	 9.5	6
178	2008	 7	12.0	6
178	2008	 8	11.1	6
178	2008	 9	 9.2	6
178	2008	10	 3.2	6
178	2008	11	 2.2	6
178	2008	12	 0.8	6
178	2009	 1	 1.1	6
178	2009	 2	-0.9	6
178	2009	 3	-0.4	6
178	2009	 4	 3.1	6
178	2009	 5	 6.9	6
178	2009	 6	 9.4	6
178	2009	 7	11.4	6
178	2009	 8	10.7	6
178	2009	 9	 7.9	6
178	2009	10	 4.2	6
178	2009	11	 2.1	6
178	2009	12	 0.8	6
178	2010	 1	 2.1	6
178	2010	 2	-0.5	6
178	2010	 3	 2.0	6
178	2010	 4	 2.4	6
178	2010	 5	 6.8	6
178	2010	 6	10.8	6
178	2010	 7	11.9	6
178	2010	 8	11.7	6
178	2010	 9	 9.9	6
178	2010	10	 5.8	6
178	2010	11	 0.5	6
178	2010	12	 0.9	6
178	2011	 1	 1.0	6
178	2011	 2	 1.3	6
178	2011	 3	-0.8	6
178	2011	 4	 3.9	6
178	2011	 5	 5.1	6
178	2011	 6	 7.2	6
178	2011	 7	11.5	6
178	2011	 8	10.3	6
178	2011	 9	 8.3	6
178	2011	10	 4.4	6
178	2011	11	 3.5	6
178	2011	12	-2.0	6
178	2012	 1	 0.4	6
178	2012	 2	 2.0	6
178	2012	 3	 2.7	6
178	2012	 4	 3.5	6
178	2012	 5	 5.9	6
178	2012	 6	 9.7	6
178	2012	 7	11.8	6
178	2012	 8	11.4	6
178	2012	 9	 7.0	6
178	2012	10	 4.0	6
178	2012	11	 0.6	6
178	2012	12	 0.5	6
178	2013	 1	 2.2	6
178	2013	 2	 3.1	6
178	2013	 3	 0.1	6
178	2013	 4	 1.0	6
178	2013	 5	 5.0	6
178	2013	 6	 9.7	6
178	2013	 7	10.3	6
178	2013	 8	 9.9	6
178	2013	 9	 6.7	6
178	2013	10	 4.1	6
178	2013	11	 1.6	6
178	2013	12	-0.8	6
178	2014	 1	 1.0	6
178	2014	 2	 0.6	6
178	2014	 3	 1.2	6
178	2014	 4	 3.6	6
178	2014	 5	 7.2	6
178	2014	 6	10.9	6
178	2014	 7	11.3	6
178	2014	 8	10.9	6
178	2014	 9	 9.4	6
178	2014	10	 3.9	6
178	2014	11	 4.3	6
178	2014	12	-0.4	6
178	2015	 1	-0.2	6
178	2015	 2	-0.4	6
178	2015	 3	 0.6	6
178	2015	 4	 2.1	6
178	2015	 5	 3.9	6
178	2015	 6	 8.3	6
178	2015	 7	 9.3	6
178	2015	 8	 9.4	6
178	2015	 9	 9.1	6
178	2015	10	 5.0	6
178	2015	11	 2.2	6
178	2015	12	-0.3	6
