404 Grímsey Meðalhiti
nr	ar	 man	   t	mat
404	1874	 1	-11.3	5
404	1874	 2	-5.2	5
404	1874	 3	-4.3	5
404	1874	 4	-1.8	5
404	1874	 5	 3.0	5
404	1874	 6	 6.3	5
404	1874	 7	 7.5	5
404	1874	 8	 6.7	5
404	1874	 9	 5.0	5
404	1874	10	 1.6	5
404	1874	11	-0.1	5
404	1874	12	-1.6	5
404	1875	 1	-2.3	5
404	1875	 2	 0.2	5
404	1875	 3	 0.9	5
404	1875	 4	 1.8	5
404	1875	 5	 3.5	5
404	1875	 6	 4.5	5
404	1875	 7	 7.3	5
404	1875	 8	 8.0	5
404	1875	 9	 5.9	5
404	1875	10	 3.9	5
404	1875	11	-0.5	5
404	1875	12	 2.1	5
404	1876	 1	 1.6	5
404	1876	 2	-1.7	5
404	1876	 3	-5.2	5
404	1876	 4	-7.2	5
404	1876	 5	 3.0	5
404	1876	 6	 5.2	5
404	1876	 7	 6.9	5
404	1876	 8	 8.7	5
404	1876	 9	 6.5	5
404	1876	10	 4.2	5
404	1876	11	 1.8	5
404	1876	12	 1.1	5
404	1877	 1	-1.2	5
404	1877	 2	-3.5	5
404	1877	 3	-4.2	5
404	1877	 4	-2.5	5
404	1877	 5	 1.7	5
404	1877	 6	 3.9	5
404	1877	 7	 5.6	5
404	1877	 8	 6.5	5
404	1877	 9	 7.3	5
404	1877	10	 2.2	5
404	1877	11	-0.8	5
404	1877	12	-1.6	5
404	1878	 1	-3.0	5
404	1878	 2	-2.7	5
404	1878	 3	-4.7	5
404	1878	 4	-2.2	5
404	1878	 5	 0.3	5
404	1878	 6	 6.8	5
404	1878	 7	 9.3	5
404	1878	 8	 8.8	5
404	1878	 9	 5.7	5
404	1878	10	 1.2	5
404	1878	11	-0.6	5
404	1878	12	-6.3	5
404	1879	 1	-0.9	5
404	1879	 2	-3.5	5
404	1879	 3	-3.6	5
404	1879	 4	-0.6	5
404	1879	 5	 2.3	5
404	1879	 6	 5.2	5
404	1879	 7	 5.5	5
404	1879	 8	 8.3	5
404	1879	 9	 5.7	5
404	1879	10	 4.0	5
404	1879	11	 1.9	5
404	1879	12	 0.9	5
404	1880	 1	 0.5	5
404	1880	 2	-1.2	5
404	1880	 3	 1.3	5
404	1880	 4	 3.3	5
404	1880	 5	 3.7	5
404	1880	 6	 7.1	5
404	1880	 7	10.2	5
404	1880	 8	10.8	5
404	1880	 9	 5.0	5
404	1880	10	 0.9	5
404	1880	11	-3.8	5
404	1880	12	-8.8	5
404	1881	 1	-13.1	5
404	1881	 2	-10.8	5
404	1881	 3	-17.0	5
404	1881	 4	-1.5	5
404	1881	 5	 2.0	5
404	1881	 6	 5.0	5
404	1881	 7	 6.3	5
404	1881	 8	 5.8	5
404	1881	 9	 7.8	5
404	1881	10	 4.1	5
404	1881	11	 1.4	5
404	1881	12	-0.2	5
404	1882	 1	-1.9	5
404	1882	 2	-6.6	5
404	1882	 3	-5.5	5
404	1882	 4	-5.0	5
404	1882	 5	-0.4	5
404	1882	 6	 1.7	5
404	1882	 7	 3.8	5
404	1882	 8	 2.4	5
404	1882	 9	 3.6	5
404	1882	10	 4.5	5
404	1882	11	 0.2	5
404	1882	12	-1.8	5
404	1883	 1	-0.9	5
404	1883	 2	 0.7	5
404	1883	 3	-1.7	5
404	1883	 4	 1.5	5
404	1883	 5	-0.1	5
404	1883	 6	 5.2	5
404	1883	 7	 7.4	5
404	1883	 8	 6.3	5
404	1883	 9	 6.5	5
404	1883	10	 3.7	5
404	1883	11	 1.4	5
404	1883	12	-0.1	5
404	1884	 1	-2.6	5
404	1884	 2	-0.3	5
404	1884	 3	 0.8	5
404	1884	 4	 1.1	5
404	1884	 5	 0.9	5
404	1884	 6	 6.8	5
404	1884	 7	 7.7	5
404	1884	 8	 8.8	5
404	1884	 9	 6.9	5
404	1884	10	 2.4	5
404	1884	11	 0.5	5
404	1884	12	-0.1	5
404	1885	 1	 1.2	5
404	1885	 2	-7.1	5
404	1885	 3	-4.3	5
404	1885	 4	-1.5	5
404	1885	 5	 0.9	5
404	1885	 6	 4.3	5
404	1885	 7	 6.2	5
404	1885	 8	 7.8	5
404	1885	 9	 5.8	5
404	1885	10	 1.4	5
404	1885	11	 0.1	5
404	1885	12	-3.2	5
404	1886	 1	-6.5	5
404	1886	 2	-3.0	5
404	1886	 3	-4.1	5
404	1886	 4	-3.0	5
404	1886	 5	-0.3	5
404	1886	 6	 3.3	5
404	1886	 7	 4.6	5
404	1886	 8	 5.5	5
404	1886	 9	 5.0	5
404	1886	10	 4.5	5
404	1886	11	 1.2	5
404	1886	12	-3.0	5
404	1887	 1	 0.2	5
404	1887	 2	-2.1	5
404	1887	 3	-2.9	5
404	1887	 4	-3.3	5
404	1887	 5	 0.9	5
404	1887	 6	 4.0	5
404	1887	 7	 3.7	5
404	1887	 8	 4.5	5
404	1887	 9	 4.3	5
404	1887	10	 1.4	5
404	1887	11	-1.8	5
404	1887	12	-2.8	5
404	1888	 1	-0.8	5
404	1888	 2	-3.2	5
404	1888	 3	-8.2	5
404	1888	 4	-2.8	5
404	1888	 5	-0.7	5
404	1888	 6	 5.0	5
404	1888	 7	 4.5	5
404	1888	 8	 4.7	5
404	1888	 9	 5.1	5
404	1888	10	 0.9	5
404	1888	11	 0.8	5
404	1888	12	-0.0	5
404	1889	 1	-1.9	5
404	1889	 2	-3.9	5
404	1889	 3	-2.4	5
404	1889	 4	-1.4	5
404	1889	 5	 5.0	5
404	1889	 6	 8.1	5
404	1889	 7	 9.3	5
404	1889	 8	 9.2	5
404	1889	 9	 7.4	5
404	1889	10	 4.6	5
404	1889	11	 2.7	5
404	1889	12	 0.2	5
404	1890	 1	-0.6	5
404	1890	 2	 0.9	5
404	1890	 3	-4.5	5
404	1890	 4	 0.4	5
404	1890	 5	 3.3	5
404	1890	 6	 4.3	5
404	1890	 7	 6.3	5
404	1890	 8	 7.1	5
404	1890	 9	 5.5	5
404	1890	10	 1.8	5
404	1890	11	 1.6	5
404	1890	12	 1.7	5
404	1891	 1	-1.5	5
404	1891	 2	-0.4	5
404	1891	 3	-7.0	5
404	1891	 4	-0.5	5
404	1891	 5	 0.9	5
404	1891	 6	 6.1	5
404	1891	 7	 8.0	5
404	1891	 8	 6.3	5
404	1891	 9	 5.4	5
404	1891	10	 4.7	5
404	1891	11	 0.0	5
404	1891	12	-0.6	5
404	1892	 1	-3.8	5
404	1892	 2	-6.7	5
404	1892	 3	-6.3	5
404	1892	 4	-3.8	5
404	1892	 5	-0.7	5
404	1892	 6	 2.3	5
404	1892	 7	 5.2	5
404	1892	 8	 5.4	5
404	1892	 9	 3.8	5
404	1892	10	 1.9	5
404	1892	11	-0.5	5
404	1892	12	-3.2	5
404	1893	 1	-1.0	5
404	1893	 2	-2.5	5
404	1893	 3	-1.8	5
404	1893	 4	 1.0	5
404	1893	 5	 3.6	5
404	1893	 6	 5.7	5
404	1893	 7	 8.1	5
404	1893	 8	 7.5	5
404	1893	 9	 3.9	5
404	1893	10	 0.3	5
404	1893	11	-2.8	5
404	1893	12	-2.1	5
404	1894	 1	-3.2	5
404	1894	 2	-2.9	5
404	1894	 3	-1.0	5
404	1894	 4	 1.6	5
404	1894	 5	 1.7	5
404	1894	 6	 8.2	5
404	1894	 7	 9.9	5
404	1894	 8	 9.1	5
404	1894	 9	 8.3	5
404	1894	10	 2.5	5
404	1894	11	 1.1	5
404	1894	12	-2.2	5
404	1895	 1	-3.5	5
404	1895	 2	-0.3	5
404	1895	 3	-3.0	5
404	1895	 4	-4.0	5
404	1895	 5	 3.6	5
404	1895	 6	 6.6	5
404	1895	 7	 7.0	5
404	1895	 8	 6.8	5
404	1895	 9	 6.8	5
404	1895	10	 1.1	5
404	1895	11	 0.3	5
404	1895	12	-1.9	5
404	1896	 1	-1.6	5
404	1896	 2	 0.2	5
404	1896	 3	-4.8	5
404	1896	 4	-0.9	5
404	1896	 5	 4.4	5
404	1896	 6	 3.6	5
404	1896	 7	 6.8	5
404	1896	 8	 6.5	5
404	1896	 9	 4.6	5
404	1896	10	-0.3	5
404	1896	11	-0.6	5
404	1896	12	 0.2	5
404	1897	 1	-0.9	5
404	1897	 2	-3.7	5
404	1897	 3	-1.6	5
404	1897	 4	 1.1	5
404	1897	 5	 2.3	5
404	1897	 6	 4.9	5
404	1897	 7	 8.0	5
404	1897	 8	 6.1	5
404	1897	 9	 4.2	5
404	1897	10	 3.1	5
404	1897	11	-0.8	5
404	1897	12	 0.4	5
404	1898	 1	-1.4	5
404	1898	 2	-3.5	5
404	1898	 3	-2.7	5
404	1898	 4	 0.3	5
404	1898	 5	 1.8	5
404	1898	 6	 6.3	5
404	1898	 7	 7.4	5
404	1898	 8	 6.8	5
404	1898	 9	 5.9	5
404	1898	10	 4.1	5
404	1898	11	-0.1	5
404	1898	12	-1.4	5
404	1899	 1	-2.1	5
404	1899	 2	-1.5	5
404	1899	 3	-5.5	5
404	1899	 4	-3.0	5
404	1899	 5	 2.5	5
404	1899	 6	 7.2	5
404	1899	 7	 9.1	5
404	1899	 8	 9.1	5
404	1899	 9	 4.6	5
404	1899	10	 0.8	5
404	1899	11	-2.5	5
404	1899	12	-0.8	5
404	1900	 1	-0.1	5
404	1900	 2	-3.2	5
404	1900	 3	-2.6	5
404	1900	 4	-0.8	5
404	1900	 5	 1.7	5
404	1900	 6	 6.9	5
404	1900	 7	 7.5	5
404	1900	 8	 8.1	5
404	1900	 9	 6.7	5
404	1900	10	 1.3	5
404	1900	11	 1.1	5
404	1900	12	-0.6	5
404	1901	 1	 0.1	5
404	1901	 2	-1.7	5
404	1901	 3	-2.0	5
404	1901	 4	-2.8	5
404	1901	 5	 3.4	5
404	1901	 6	 6.0	5
404	1901	 7	 8.6	5
404	1901	 8	 7.8	5
404	1901	 9	 7.8	5
404	1901	10	 1.1	5
404	1901	11	-0.1	5
404	1901	12	-2.7	5
404	1902	 1	-6.9	5
404	1902	 2	-6.9	5
404	1902	 3	-6.0	5
404	1902	 4	-2.6	5
404	1902	 5	 0.1	5
404	1902	 6	 3.5	5
404	1902	 7	 5.1	5
404	1902	 8	 6.0	5
404	1902	 9	 5.8	5
404	1902	10	 3.7	5
404	1902	11	 1.8	5
404	1902	12	 0.3	5
404	1903	 1	-2.1	5
404	1903	 2	-3.1	5
404	1903	 3	-3.7	5
404	1903	 4	-2.3	5
404	1903	 5	 1.5	5
404	1903	 6	 5.0	5
404	1903	 7	 6.6	5
404	1903	 8	 4.3	5
404	1903	 9	 5.2	5
404	1903	10	 2.3	5
404	1903	11	-0.8	5
404	1903	12	 0.1	5
404	1904	 1	-2.1	5
404	1904	 2	-1.6	5
404	1904	 3	-1.9	5
404	1904	 4	-0.8	5
404	1904	 5	 2.8	5
404	1904	 6	 7.0	5
404	1904	 7	 8.9	5
404	1904	 8	 6.9	5
404	1904	 9	 7.4	5
404	1904	10	 1.5	5
404	1904	11	-1.4	5
404	1904	12	-1.4	5
404	1905	 1	-3.1	5
404	1905	 2	-3.9	5
404	1905	 3	-0.1	5
404	1905	 4	-1.4	5
404	1905	 5	 2.5	5
404	1905	 6	 8.1	5
404	1905	 7	 7.3	5
404	1905	 8	 6.4	5
404	1905	 9	 5.0	5
404	1905	10	 1.1	5
404	1905	11	-0.1	5
404	1905	12	 0.2	5
404	1906	 1	-0.2	5
404	1906	 2	-3.2	5
404	1906	 3	-1.9	5
404	1906	 4	-1.4	5
404	1906	 5	-0.7	5
404	1906	 6	 6.0	5
404	1906	 7	 5.0	5
404	1906	 8	 5.7	5
404	1906	 9	 6.1	5
404	1906	10	 2.9	5
404	1906	11	 0.1	5
404	1906	12	-3.3	5
404	1907	 1	-1.6	5
404	1907	 2	-5.2	5
404	1907	 3	-4.3	5
404	1907	 4	-1.2	5
404	1907	 5	 1.8	5
404	1907	 6	 3.0	5
404	1907	 7	 5.8	5
404	1907	 8	 4.8	5
404	1907	 9	 4.1	5
404	1907	10	 1.5	5
404	1907	11	 0.0	5
404	1907	12	 1.8	5
404	1908	 1	-0.9	5
404	1908	 2	-3.4	5
404	1908	 3	 0.1	5
404	1908	 4	 0.4	5
404	1908	 5	 2.4	5
404	1908	 6	 6.0	5
404	1908	 7	 9.9	5
404	1908	 8	 7.7	5
404	1908	 9	 6.5	5
404	1908	10	 5.2	5
404	1908	11	-0.2	5
404	1908	12	 0.1	5
404	1909	 1	-1.6	5
404	1909	 2	 0.5	5
404	1909	 3	-3.0	5
404	1909	 4	 1.6	5
404	1909	 5	 2.0	5
404	1909	 6	 8.6	5
404	1909	 7	 6.6	5
404	1909	 8	 7.8	5
404	1909	 9	 6.5	5
404	1909	10	 0.8	5
404	1909	11	 0.4	5
404	1909	12	-4.2	5
404	1910	 1	-2.9	5
404	1910	 2	-2.9	5
404	1910	 3	-1.1	5
404	1910	 4	-2.8	5
404	1910	 5	 1.6	5
404	1910	 6	 4.3	5
404	1910	 7	 6.7	5
404	1910	 8	 7.3	5
404	1910	 9	 5.1	5
404	1910	10	 3.7	5
404	1910	11	-2.3	5
404	1910	12	-1.4	5
404	1911	 1	-1.0	5
404	1911	 2	-4.1	5
404	1911	 3	-0.4	5
404	1911	 4	-2.1	5
404	1911	 5	 3.8	5
404	1911	 6	 4.8	5
404	1911	 7	 7.8	5
404	1911	 8	 6.8	5
404	1911	 9	 4.5	5
404	1911	10	 3.0	5
404	1911	11	 0.2	5
404	1911	12	 0.0	5
404	1912	 1	-0.4	5
404	1912	 2	-3.7	5
404	1912	 3	-1.6	5
404	1912	 4	 0.1	5
404	1912	 5	 3.5	5
404	1912	 6	 7.0	5
404	1912	 7	 8.3	5
404	1912	 8	 5.3	5
404	1912	 9	 5.7	5
404	1912	10	 2.7	5
404	1912	11	-1.0	5
404	1912	12	-1.5	5
404	1913	 1	-1.1	5
404	1913	 2	-1.2	5
404	1913	 3	-3.6	5
404	1913	 4	 0.8	5
404	1913	 5	 2.6	5
404	1913	 6	 4.8	5
404	1913	 7	 8.3	5
404	1913	 8	 7.1	5
404	1913	 9	 6.4	5
404	1913	10	 2.2	5
404	1913	11	-0.1	5
404	1913	12	-1.0	5
404	1914	 1	-0.3	5
404	1914	 2	-3.7	5
404	1914	 3	-4.7	5
404	1914	 4	-2.0	5
404	1914	 5	-0.7	5
404	1914	 6	 4.9	5
404	1914	 7	 6.5	5
404	1914	 8	 8.3	5
404	1914	 9	 5.0	5
404	1914	10	 3.7	5
404	1914	11	-1.4	5
404	1914	12	-0.7	5
404	1915	 1	-0.9	5
404	1915	 2	-2.4	5
404	1915	 3	-3.8	5
404	1915	 4	-0.4	5
404	1915	 5	 0.6	5
404	1915	 6	 3.7	5
404	1915	 7	 3.7	5
404	1915	 8	 5.8	5
404	1915	 9	 4.5	5
404	1915	10	 5.8	5
404	1915	11	 2.2	5
404	1915	12	-1.8	5
404	1916	 1	-0.5	5
404	1916	 2	 0.0	5
404	1916	 3	-2.3	5
404	1916	 4	-2.0	5
404	1916	 5	 1.3	5
404	1916	 6	 5.5	5
404	1916	 7	 8.5	5
404	1916	 8	 7.8	5
404	1916	 9	 6.6	5
404	1916	10	 3.7	5
404	1916	11	 0.7	5
404	1916	12	-3.6	5
404	1917	 1	 0.3	5
404	1917	 2	-0.6	5
404	1917	 3	-1.1	5
404	1917	 4	-4.9	5
404	1917	 5	 2.2	5
404	1917	 6	 3.9	5
404	1917	 7	 8.5	5
404	1917	 8	 7.3	5
404	1917	 9	 4.1	5
404	1917	10	-1.5	5
404	1917	11	-2.4	5
404	1917	12	-5.1	5
404	1918	 1	-13.7	5
404	1918	 2	-4.6	5
404	1918	 3	-1.2	5
404	1918	 4	-2.2	5
404	1918	 5	 3.4	5
404	1918	 6	 5.2	5
404	1918	 7	 5.5	5
404	1918	 8	 7.0	5
404	1918	 9	 3.2	5
404	1918	10	 2.6	5
404	1918	11	 0.1	5
404	1918	12	-1.0	5
404	1919	 1	-0.6	5
404	1919	 2	-3.7	5
404	1919	 3	-5.7	5
404	1919	 4	-2.6	5
404	1919	 5	 3.2	5
404	1919	 6	 5.9	5
404	1919	 7	 8.8	5
404	1919	 8	 6.5	5
404	1919	 9	 4.2	5
404	1919	10	 2.0	5
404	1919	11	-2.3	5
404	1919	12	-1.2	5
404	1920	 1	-3.8	5
404	1920	 2	-2.7	5
404	1920	 3	-2.5	5
404	1920	 4	-2.5	5
404	1920	 5	 1.1	5
404	1920	 6	 6.2	5
404	1920	 7	 6.9	5
404	1920	 8	 7.6	5
404	1920	 9	 6.6	5
404	1920	10	 5.8	5
404	1920	11	 3.1	5
404	1920	12	 0.6	5
404	1921	 1	-4.0	5
404	1921	 2	 1.1	5
404	1921	 3	-3.4	5
404	1921	 4	-0.8	5
404	1921	 5	 1.0	5
404	1921	 6	 5.7	5
404	1921	 7	 6.8	5
404	1921	 8	 5.5	5
404	1921	 9	 4.8	5
404	1921	10	 1.6	5
404	1921	11	 0.5	5
404	1921	12	-1.2	5
404	1922	 1	 0.7	5
404	1922	 2	 0.8	5
404	1922	 3	-1.1	5
404	1922	 4	-1.4	5
404	1922	 5	 1.4	5
404	1922	 6	 4.5	5
404	1922	 7	 6.4	5
404	1922	 8	 7.1	5
404	1922	 9	 4.1	5
404	1922	10	 3.8	5
404	1922	11	 0.1	5
404	1922	12	 1.2	5
404	1923	 1	-2.2	5
404	1923	 2	 0.2	5
404	1923	 3	 1.9	5
404	1923	 4	 2.1	5
404	1923	 5	 2.1	5
404	1923	 6	 6.1	5
404	1923	 7	 7.4	5
404	1923	 8	 6.6	5
404	1923	 9	 3.6	5
404	1923	10	 1.8	5
404	1923	11	-1.9	5
404	1923	12	-1.9	5
404	1924	 1	 0.1	5
404	1924	 2	-1.4	5
404	1924	 3	-3.1	5
404	1924	 4	-1.4	5
404	1924	 5	 0.6	5
404	1924	 6	 4.0	5
404	1924	 7	 7.0	5
404	1924	 8	 6.8	5
404	1924	 9	 4.5	5
404	1924	10	 2.9	5
404	1924	11	 1.8	5
404	1924	12	 0.4	5
404	1925	 1	-0.7	5
404	1925	 2	-2.3	5
404	1925	 3	-1.5	5
404	1925	 4	-0.0	5
404	1925	 5	 2.7	5
404	1925	 6	 7.9	5
404	1925	 7	 9.3	5
404	1925	 8	 8.2	5
404	1925	 9	 5.9	5
404	1925	10	 1.8	5
404	1925	11	 0.8	5
404	1925	12	-2.8	5
404	1926	 1	 0.2	5
404	1926	 2	 0.5	5
404	1926	 3	-2.4	5
404	1926	 4	 2.8	5
404	1926	 5	 2.7	5
404	1926	 6	 6.2	5
404	1926	 7	10.4	5
404	1926	 8	 7.8	5
404	1926	 9	 4.9	5
404	1926	10	 0.0	5
404	1926	11	 0.8	5
404	1926	12	-0.9	5
404	1927	 1	-3.0	5
404	1927	 2	 1.1	5
404	1927	 3	 0.2	5
404	1927	 4	-1.2	5
404	1927	 5	 3.9	5
404	1927	 6	 6.5	5
404	1927	 7	10.6	5
404	1927	 8	 8.2	5
404	1927	 9	 5.5	5
404	1927	10	 1.9	5
404	1927	11	 1.2	5
404	1927	12	 0.9	5
404	1928	 1	-1.1	5
404	1928	 2	-0.4	5
404	1928	 3	-0.2	5
404	1928	 4	 2.9	5
404	1928	 5	 5.0	5
404	1928	 6	 4.2	5
404	1928	 7	 8.2	5
404	1928	 8	 7.7	5
404	1928	 9	 7.4	5
404	1928	10	 4.6	5
404	1928	11	 1.8	5
404	1928	12	 0.3	5
404	1929	 1	 1.2	5
404	1929	 2	 1.7	5
404	1929	 3	 3.6	5
404	1929	 4	 1.6	5
404	1929	 5	 2.9	5
404	1929	 6	 5.5	5
404	1929	 7	10.3	5
404	1929	 8	 6.4	5
404	1929	 9	 4.3	5
404	1929	10	 0.4	5
404	1929	11	 0.7	5
404	1929	12	 1.0	5
404	1930	 1	-2.4	5
404	1930	 2	 0.6	5
404	1930	 3	-4.3	5
404	1930	 4	 2.4	5
404	1930	 5	 3.7	5
404	1930	 6	 7.2	5
404	1930	 7	 7.9	5
404	1930	 8	 7.8	5
404	1930	 9	 7.4	5
404	1930	10	 1.4	5
404	1930	11	-1.6	5
404	1930	12	 1.2	5
404	1931	 1	-2.2	5
404	1931	 2	-3.8	5
404	1931	 3	-1.6	5
404	1931	 4	 1.2	5
404	1931	 5	 2.9	5
404	1931	 6	 5.2	5
404	1931	 7	 7.5	5
404	1931	 8	 9.4	5
404	1931	 9	 7.7	5
404	1931	10	 2.9	5
404	1931	11	 3.1	5
404	1931	12	-0.7	5
404	1932	 1	-1.3	5
404	1932	 2	 3.2	5
404	1932	 3	-0.5	5
404	1932	 4	-3.2	5
404	1932	 5	 3.3	5
404	1932	 6	 7.2	5
404	1932	 7	 6.7	5
404	1932	 8	 9.1	5
404	1932	 9	 4.6	5
404	1932	10	 2.0	5
404	1932	11	 1.0	5
404	1932	12	 1.1	5
404	1933	 1	 1.4	5
404	1933	 2	-3.0	5
404	1933	 3	-0.3	5
404	1933	 4	-0.6	5
404	1933	 5	 4.7	5
404	1933	 6	 8.2	5
404	1933	 7	10.2	5
404	1933	 8	 9.1	5
404	1933	 9	 8.2	5
404	1933	10	 1.5	5
404	1933	11	 3.0	5
404	1933	12	 3.6	5
404	1934	 1	-0.6	5
404	1934	 2	-0.2	5
404	1934	 3	-1.6	5
404	1934	 4	 0.2	5
404	1934	 5	 2.8	5
404	1934	 6	 8.1	5
404	1934	 7	 9.2	5
404	1934	 8	 8.9	5
404	1934	 9	 6.1	5
404	1934	10	 2.3	5
404	1934	11	 1.1	5
404	1934	12	 2.1	5
404	1935	 1	 0.3	5
404	1935	 2	-4.6	5
404	1935	 3	 0.2	5
404	1935	 4	-1.1	5
404	1935	 5	 5.3	5
404	1935	 6	 6.1	5
404	1935	 7	 8.8	5
404	1935	 8	 7.9	5
404	1935	 9	 5.9	5
404	1935	10	 2.0	5
404	1935	11	 2.8	5
404	1935	12	-0.3	5
404	1936	 1	-3.8	5
404	1936	 2	-2.9	5
404	1936	 3	-1.7	5
404	1936	 4	 0.3	5
404	1936	 5	 5.7	5
404	1936	 6	 8.0	5
404	1936	 7	 8.7	5
404	1936	 8	 9.1	5
404	1936	 9	 7.0	5
404	1936	10	 4.1	5
404	1936	11	 1.6	5
404	1936	12	-2.5	5
404	1937	 1	 0.6	5
404	1937	 2	-1.8	5
404	1937	 3	-3.0	5
404	1937	 4	 1.3	5
404	1937	 5	 3.5	5
404	1937	 6	 7.3	5
404	1937	 7	 8.1	5
404	1937	 8	 8.9	5
404	1937	 9	 5.5	5
404	1937	10	 3.1	5
404	1937	11	 1.9	5
404	1937	12	 1.6	5
404	1938	 1	-1.9	5
404	1938	 2	 0.4	5
404	1938	 3	-1.1	5
404	1938	 4	 3.4	5
404	1938	 5	 1.7	5
404	1938	 6	 3.8	5
404	1938	 7	 6.4	5
404	1938	 8	 8.4	5
404	1938	 9	 7.3	5
404	1938	10	 3.8	5
404	1938	11	 1.4	5
404	1938	12	 1.6	5
404	1939	 1	-1.2	5
404	1939	 2	-0.7	5
404	1939	 3	 0.9	5
404	1939	 4	 0.8	5
404	1939	 5	 5.9	5
404	1939	 6	 8.3	5
404	1939	 7	 9.1	5
404	1939	 8	10.8	5
404	1939	 9	 8.7	5
404	1939	10	 6.3	5
404	1939	11	-0.2	5
404	1939	12	-0.8	5
404	1940	 1	 0.1	5
404	1940	 2	-1.1	5
404	1940	 3	-2.9	5
404	1940	 4	-0.1	5
404	1940	 5	 3.7	5
404	1940	 6	 7.6	5
404	1940	 7	 7.4	5
404	1940	 8	 8.1	5
404	1940	 9	 5.1	5
404	1940	10	 4.5	5
404	1940	11	 0.2	5
404	1940	12	 1.2	5
404	1941	 1	-0.7	5
404	1941	 2	-3.3	5
404	1941	 3	-1.3	5
404	1941	 4	 1.6	5
404	1941	 5	 5.0	5
404	1941	 6	 8.2	5
404	1941	 7	 9.6	5
404	1941	 8	 8.0	5
404	1941	 9	 9.2	5
404	1941	10	 5.5	5
404	1941	11	 3.9	5
404	1941	12	 2.7	5
404	1942	 1	 1.4	5
404	1942	 2	-1.1	5
404	1942	 3	 0.1	5
404	1942	 4	 1.3	5
404	1942	 5	 3.9	5
404	1942	 6	 6.2	5
404	1942	 7	 7.6	5
404	1942	 8	 8.9	5
404	1942	 9	 5.1	5
404	1942	10	 1.7	5
404	1942	11	 2.1	5
404	1942	12	-0.2	5
404	1943	 1	-1.6	5
404	1943	 2	-4.4	5
404	1943	 3	-1.2	5
404	1943	 4	-0.6	5
404	1943	 5	 1.2	5
404	1943	 6	 5.0	5
404	1943	 7	 8.2	5
404	1943	 8	 4.9	5
404	1943	 9	 5.6	5
404	1943	10	 3.5	5
404	1943	11	 1.2	5
404	1943	12	 1.9	5
404	1944	 1	-3.2	5
404	1944	 2	-1.3	5
404	1944	 3	-0.9	5
404	1944	 4	-1.0	5
404	1944	 5	 2.7	5
404	1944	 6	 5.5	5
404	1944	 7	 7.9	5
404	1944	 8	 8.7	5
404	1944	 9	 6.9	5
404	1944	10	 3.9	5
404	1944	11	 0.4	5
404	1944	12	-0.5	5
404	1945	 1	-2.9	5
404	1945	 2	-1.0	5
404	1945	 3	 1.7	5
404	1945	 4	 1.1	5
404	1945	 5	 3.1	5
404	1945	 6	 5.9	5
404	1945	 7	 8.8	5
404	1945	 8	 9.3	5
404	1945	 9	 7.4	5
404	1945	10	 5.2	5
404	1945	11	 3.0	5
404	1945	12	-0.5	5
404	1946	 1	 2.6	5
404	1946	 2	-1.5	5
404	1946	 3	 0.5	5
404	1946	 4	 0.9	5
404	1946	 5	 4.6	5
404	1946	 6	 4.4	5
404	1946	 7	 7.8	5
404	1946	 8	 7.8	5
404	1946	 9	 6.5	5
404	1946	10	 7.0	5
404	1946	11	 0.8	5
404	1946	12	 2.9	5
404	1947	 1	 3.1	5
404	1947	 2	-1.8	5
404	1947	 3	-3.9	5
404	1947	 4	-1.0	5
404	1947	 5	 4.4	5
404	1947	 6	 6.2	5
404	1947	 7	 8.7	5
404	1947	 8	10.4	5
404	1947	 9	 6.9	5
404	1947	10	 5.3	5
404	1947	11	-0.5	5
404	1947	12	-0.6	5
404	1948	 1	 0.3	5
404	1948	 2	 1.6	5
404	1948	 3	 2.0	5
404	1948	 4	-0.8	5
404	1948	 5	 1.9	5
404	1948	 6	 5.4	5
404	1948	 7	 7.4	5
404	1948	 8	 8.7	5
404	1948	 9	 4.6	5
404	1948	10	 2.8	5
404	1948	11	 1.5	5
404	1948	12	-0.7	5
404	1949	 1	-3.1	5
404	1949	 2	-0.7	5
404	1949	 3	-1.5	5
404	1949	 4	-3.1	5
404	1949	 5	-0.2	5
404	1949	 6	 6.9	5
404	1949	 7	 8.3	5
404	1949	 8	 7.5	5
404	1949	 9	 7.3	5
404	1949	10	 3.1	5
404	1949	11	 2.2	5
404	1949	12	-0.4	5
404	1950	 1	 2.4	5
404	1950	 2	-1.2	5
404	1950	 3	-0.4	5
404	1950	 4	-1.4	5
404	1950	 5	 4.0	5
404	1950	 6	 6.2	5
404	1950	 7	 8.2	5
404	1950	 8	 8.5	5
404	1950	 9	 5.4	5
404	1950	10	 3.1	5
404	1950	11	 1.1	5
404	1950	12	-1.8	5
404	1951	 1	-1.4	5
404	1951	 2	-0.5	5
404	1951	 3	-3.9	5
404	1951	 4	-2.7	5
404	1951	 5	 3.6	5
404	1951	 6	 5.1	5
404	1951	 7	 7.8	5
404	1951	 8	 7.8	5
404	1951	 9	 6.1	5
404	1951	10	 4.0	5
404	1951	11	 0.7	5
404	1951	12	-0.8	5
404	1952	 1	-2.0	5
404	1952	 2	-1.1	5
404	1952	 3	-0.8	5
404	1952	 4	 0.2	5
404	1952	 5	 2.2	5
404	1952	 6	 3.3	5
404	1952	 7	 7.6	5
404	1952	 8	 7.1	5
404	1952	 9	 5.7	5
404	1952	10	 5.0	5
404	1952	11	 2.0	5
404	1952	12	 0.3	5
404	1953	 1	-0.3	5
404	1953	 2	 0.7	5
404	1953	 3	 0.7	5
404	1953	 4	-3.1	5
404	1953	 5	 3.8	5
404	1953	 6	 8.6	5
404	1953	 7	 8.8	5
404	1953	 8	 9.5	5
404	1953	 9	 7.9	5
404	1953	10	 4.2	5
404	1953	11	 2.4	5
404	1953	12	 3.5	5
404	1954	 1	 1.5	5
404	1954	 2	 0.2	5
404	1954	 3	-1.0	5
404	1954	 4	 2.0	5
404	1954	 5	 4.4	5
404	1954	 6	 6.1	5
404	1954	 7	 7.2	5
404	1954	 8	 8.1	5
404	1954	 9	 4.2	5
404	1954	10	 2.6	5
404	1954	11	 3.0	5
404	1954	12	 0.1	5
404	1955	 1	-2.1	5
404	1955	 2	-1.7	5
404	1955	 3	-0.5	5
404	1955	 4	 2.0	5
404	1955	 5	 2.6	5
404	1955	 6	 6.7	5
404	1955	 7	10.2	5
404	1955	 8	 9.8	5
404	1955	 9	 6.7	5
404	1955	10	 2.9	5
404	1955	11	 1.9	5
404	1955	12	-2.3	5
404	1956	 1	-3.1	5
404	1956	 2	 1.8	5
404	1956	 3	 1.6	5
404	1956	 4	-0.1	5
404	1956	 5	 3.3	5
404	1956	 6	 5.3	5
404	1956	 7	 7.1	5
404	1956	 8	 6.1	5
404	1956	 9	 6.2	5
404	1956	10	 3.4	5
404	1956	11	 3.8	5
404	1956	12	 1.9	5
404	1957	 1	 2.0	5
404	1957	 2	-2.1	5
404	1957	 3	-0.6	5
404	1957	 4	 2.7	5
404	1957	 5	 3.6	5
404	1957	 6	 6.6	5
404	1957	 7	 7.9	5
404	1957	 8	 8.9	5
404	1957	 9	 5.8	5
404	1957	10	 3.6	5
404	1957	11	 3.1	5
404	1957	12	-0.2	5
404	1958	 1	-1.4	5
404	1958	 2	-2.4	5
404	1958	 3	-1.2	5
404	1958	 4	 1.8	5
404	1958	 5	 1.7	5
404	1958	 6	 6.3	5
404	1958	 7	 7.2	5
404	1958	 8	 6.0	5
404	1958	 9	 8.4	5
404	1958	10	 5.1	5
404	1958	11	 3.5	5
404	1958	12	-0.2	5
404	1959	 1	-3.0	5
404	1959	 2	 1.6	5
404	1959	 3	 2.0	5
404	1959	 4	-0.7	5
404	1959	 5	 4.6	5
404	1959	 6	 6.0	5
404	1959	 7	 8.4	5
404	1959	 8	 7.2	5
404	1959	 9	 8.0	5
404	1959	10	 6.6	5
404	1959	11	 1.7	5
404	1959	12	 1.3	5
404	1960	 1	 1.0	5
404	1960	 2	-2.2	5
404	1960	 3	 1.4	5
404	1960	 4	 1.9	5
404	1960	 5	 5.1	5
404	1960	 6	 7.8	5
404	1960	 7	 8.7	5
404	1960	 8	 7.9	5
404	1960	 9	 7.1	5
404	1960	10	 4.6	5
404	1960	11	 3.9	5
404	1960	12	 0.8	5
404	1961	 1	 1.6	6
404	1961	 2	 0.3	6
404	1961	 3	-1.2	6
404	1961	 4	-1.3	6
404	1961	 5	 4.8	6
404	1961	 6	 5.9	6
404	1961	 7	 8.1	6
404	1961	 8	 8.5	6
404	1961	 9	 7.6	6
404	1961	10	 4.9	6
404	1961	11	 2.3	6
404	1961	12	-1.4	6
404	1962	 1	 0.9	6
404	1962	 2	-0.7	6
404	1962	 3	-3.4	6
404	1962	 4	 2.2	6
404	1962	 5	 3.9	6
404	1962	 6	 5.8	6
404	1962	 7	 8.2	6
404	1962	 8	 6.9	6
404	1962	 9	 6.2	6
404	1962	10	 3.5	6
404	1962	11	 1.5	6
404	1962	12	 0.3	6
404	1963	 1	-0.5	6
404	1963	 2	-1.3	6
404	1963	 3	 1.9	6
404	1963	 4	 0.1	6
404	1963	 5	 1.9	6
404	1963	 6	 6.9	6
404	1963	 7	 6.3	6
404	1963	 8	 6.1	6
404	1963	 9	 3.9	6
404	1963	10	 2.7	6
404	1963	11	-1.6	6
404	1963	12	 0.0	6
404	1964	 1	 0.9	6
404	1964	 2	 1.6	6
404	1964	 3	 3.6	6
404	1964	 4	 1.9	6
404	1964	 5	 4.3	6
404	1964	 6	 6.7	6
404	1964	 7	 8.3	6
404	1964	 8	 6.3	6
404	1964	 9	 4.1	6
404	1964	10	 3.2	6
404	1964	11	-0.2	6
404	1964	12	-1.9	6
404	1965	 1	-2.2	6
404	1965	 2	 1.5	6
404	1965	 3	-5.6	6
404	1965	 4	-1.5	6
404	1965	 5	 1.2	6
404	1965	 6	 4.8	6
404	1965	 7	 7.3	6
404	1965	 8	 7.5	6
404	1965	 9	 3.7	6
404	1965	10	 4.5	6
404	1965	11	-0.6	6
404	1965	12	-1.7	6
404	1966	 1	-2.2	6
404	1966	 2	-2.5	6
404	1966	 3	-3.3	6
404	1966	 4	 0.7	6
404	1966	 5	 2.0	6
404	1966	 6	 7.4	6
404	1966	 7	 7.5	6
404	1966	 8	 7.3	6
404	1966	 9	 5.6	6
404	1966	10	 2.2	6
404	1966	11	-0.4	6
404	1966	12	-2.0	6
404	1967	 1	-0.4	6
404	1967	 2	-0.1	6
404	1967	 3	-5.6	6
404	1967	 4	-1.1	6
404	1967	 5	 0.1	6
404	1967	 6	 4.9	6
404	1967	 7	 5.4	6
404	1967	 8	 7.4	6
404	1967	 9	 7.2	6
404	1967	10	 1.7	6
404	1967	11	-0.0	6
404	1967	12	-2.3	6
404	1968	 1	-4.1	6
404	1968	 2	-3.2	6
404	1968	 3	-6.4	6
404	1968	 4	-2.5	6
404	1968	 5	 0.6	6
404	1968	 6	 4.2	6
404	1968	 7	 7.3	6
404	1968	 8	 7.5	6
404	1968	 9	 6.4	6
404	1968	10	 0.7	6
404	1968	11	 3.1	6
404	1968	12	-0.8	6
404	1969	 1	-4.0	6
404	1969	 2	-4.2	6
404	1969	 3	-5.0	6
404	1969	 4	-2.7	6
404	1969	 5	 1.4	6
404	1969	 6	 5.6	6
404	1969	 7	 6.6	6
404	1969	 8	 9.8	6
404	1969	 9	 5.5	6
404	1969	10	 3.0	6
404	1969	11	-1.5	6
404	1969	12	-0.6	6
404	1970	 1	-0.9	6
404	1970	 2	-2.7	6
404	1970	 3	-4.8	6
404	1970	 4	-0.8	6
404	1970	 5	 2.3	6
404	1970	 6	 7.1	6
404	1970	 7	 5.6	6
404	1970	 8	 7.3	6
404	1970	 9	 5.8	6
404	1970	10	 2.6	6
404	1970	11	 0.6	6
404	1970	12	 0.6	6
404	1971	 1	-4.6	6
404	1971	 2	-1.9	6
404	1971	 3	-2.2	6
404	1971	 4	-0.7	6
404	1971	 5	 2.9	6
404	1971	 6	 5.1	6
404	1971	 7	 6.9	6
404	1971	 8	 7.2	6
404	1971	 9	 5.2	6
404	1971	10	 2.6	6
404	1971	11	-0.9	6
404	1971	12	-0.9	6
404	1972	 1	 1.9	6
404	1972	 2	 1.0	6
404	1972	 3	 0.6	6
404	1972	 4	 0.5	6
404	1972	 5	 4.8	6
404	1972	 6	 5.9	6
404	1972	 7	 8.8	6
404	1972	 8	 7.8	6
404	1972	 9	 5.9	6
404	1972	10	 3.3	6
404	1972	11	 0.4	6
404	1972	12	 1.2	6
404	1973	 1	 2.2	6
404	1973	 2	-4.4	6
404	1973	 3	 0.1	6
404	1973	 4	-0.2	6
404	1973	 5	 2.6	6
404	1973	 6	 4.7	6
404	1973	 7	 8.0	6
404	1973	 8	 7.8	6
404	1973	 9	 7.0	6
404	1973	10	 3.4	6
404	1973	11	-3.5	6
404	1973	12	-5.3	6
404	1974	 1	 0.8	6
404	1974	 2	-1.2	6
404	1974	 3	 2.1	6
404	1974	 4	 3.9	6
404	1974	 5	 5.2	6
404	1974	 6	 6.8	6
404	1974	 7	 7.6	6
404	1974	 8	 7.1	6
404	1974	 9	 4.5	6
404	1974	10	 3.6	6
404	1974	11	 2.8	6
404	1974	12	-2.9	6
404	1975	 1	-3.2	6
404	1975	 2	 0.9	6
404	1975	 3	-2.8	6
404	1975	 4	-0.8	6
404	1975	 5	 3.2	6
404	1975	 6	 3.8	6
404	1975	 7	 7.8	6
404	1975	 8	 8.1	6
404	1975	 9	 3.5	6
404	1975	10	 3.7	6
404	1975	11	 1.2	6
404	1975	12	-2.5	6
404	1976	 1	-2.8	6
404	1976	 2	 0.1	6
404	1976	 3	 0.4	6
404	1976	 4	 0.5	6
404	1976	 5	 2.7	6
404	1976	 6	 6.4	6
404	1976	 7	 9.2	6
404	1976	 8	 9.6	6
404	1976	 9	 6.2	6
404	1976	10	 4.6	6
404	1976	11	 2.0	6
404	1976	12	-0.8	6
404	1977	 1	-1.9	6
404	1977	 2	 0.2	6
404	1977	 3	-0.6	6
404	1977	 4	-1.4	6
404	1977	 5	 4.1	6
404	1977	 6	 5.8	6
404	1977	 7	 7.6	6
404	1977	 8	 7.4	6
404	1977	 9	 5.8	6
404	1977	10	 3.3	6
404	1977	11	-0.9	6
404	1977	12	 0.0	6
404	1978	 1	-1.8	6
404	1978	 2	-2.8	6
404	1978	 3	-1.3	6
404	1978	 4	 1.4	6
404	1978	 5	 4.6	6
404	1978	 6	 5.8	6
404	1978	 7	 7.2	6
404	1978	 8	 9.5	6
404	1978	 9	 5.3	6
404	1978	10	 3.8	6
404	1978	11	 0.5	6
404	1978	12	 1.3	6
404	1979	 1	-3.8	6
404	1979	 2	-1.0	6
404	1979	 3	-5.2	6
404	1979	 4	-1.2	6
404	1979	 5	-1.5	6
404	1979	 6	 5.0	6
404	1979	 7	 5.1	6
404	1979	 8	 6.6	6
404	1979	 9	 3.3	6
404	1979	10	 3.9	6
404	1979	11	 0.4	6
404	1979	12	 0.5	6
404	1980	 1	-0.6	6
404	1980	 2	 0.4	6
404	1980	 3	 0.2	6
404	1980	 4	 2.0	6
404	1980	 5	 5.1	6
404	1980	 6	 6.8	6
404	1980	 7	 8.7	6
404	1980	 8	 9.0	6
404	1980	 9	 6.6	6
404	1980	10	 1.5	6
404	1980	11	 0.3	6
404	1980	12	-2.8	6
404	1981	 1	-3.3	6
404	1981	 2	-2.7	6
404	1981	 3	-3.2	6
404	1981	 4	 0.5	6
404	1981	 5	 1.8	6
404	1981	 6	 5.0	6
404	1981	 7	 6.4	6
404	1981	 8	 8.2	6
404	1981	 9	 5.0	6
404	1981	10	 0.5	6
404	1981	11	-0.4	6
404	1981	12	-2.4	6
404	1982	 1	-2.0	6
404	1982	 2	-0.1	6
404	1982	 3	-0.7	6
404	1982	 4	 0.4	6
404	1982	 5	 0.8	6
404	1982	 6	 5.2	6
404	1982	 7	 8.1	6
404	1982	 8	 6.8	6
404	1982	 9	 4.4	6
404	1982	10	 4.0	6
404	1982	11	 0.3	6
404	1982	12	-1.4	6
404	1983	 1	-1.9	6
404	1983	 2	 0.3	6
404	1983	 3	-2.6	6
404	1983	 4	-2.5	6
404	1983	 5	 1.3	6
404	1983	 6	 5.2	6
404	1983	 7	 7.8	6
404	1983	 8	 7.8	6
404	1983	 9	 4.7	6
404	1983	10	 2.0	6
404	1983	11	 0.5	6
404	1983	12	-0.7	6
404	1984	 1	-1.8	6
404	1984	 2	 0.6	6
404	1984	 3	 0.5	6
404	1984	 4	 2.7	6
404	1984	 5	 4.0	6
404	1984	 6	 6.7	6
404	1984	 7	 8.9	6
404	1984	 8	 8.7	6
404	1984	 9	 5.4	6
404	1984	10	 2.7	6
404	1984	11	 1.2	6
404	1984	12	 1.9	6
404	1985	 1	-0.2	6
404	1985	 2	 0.2	6
404	1985	 3	-1.4	6
404	1985	 4	 0.7	6
404	1985	 5	 4.5	6
404	1985	 6	 6.0	6
404	1985	 7	 7.0	6
404	1985	 8	 6.3	6
404	1985	 9	 4.6	6
404	1985	10	 4.6	6
404	1985	11	 0.6	6
404	1985	12	-1.7	6
404	1986	 1	 0.0	6
404	1986	 2	 0.6	6
404	1986	 3	-0.1	6
404	1986	 4	 1.1	6
404	1986	 5	 1.8	6
404	1986	 6	 7.3	6
404	1986	 7	 6.6	6
404	1986	 8	 7.5	6
404	1986	 9	 4.7	6
404	1986	10	 2.6	6
404	1986	11	 0.3	6
404	1986	12	 0.1	6
404	1987	 1	 2.0	6
404	1987	 2	-0.8	6
404	1987	 3	-0.8	6
404	1987	 4	 2.6	6
404	1987	 5	 4.5	6
404	1987	 6	 6.5	6
404	1987	 7	 9.1	6
404	1987	 8	 7.8	6
404	1987	 9	 5.9	6
404	1987	10	 1.9	6
404	1987	11	 3.7	6
404	1987	12	 0.7	6
404	1988	 1	-3.2	6
404	1988	 2	-2.8	6
404	1988	 3	-3.0	6
404	1988	 4	-2.8	6
404	1988	 5	 3.1	6
404	1988	 6	 7.1	6
404	1988	 7	 6.7	6
404	1988	 8	 8.5	6
404	1988	 9	 5.1	6
404	1988	10	 2.9	6
404	1988	11	 1.0	6
404	1988	12	-0.9	6
404	1989	 1	-0.9	6
404	1989	 2	-3.6	6
404	1989	 3	-1.8	6
404	1989	 4	-0.8	6
404	1989	 5	 1.9	6
404	1989	 6	 6.2	6
404	1989	 7	 9.1	6
404	1989	 8	 7.8	6
404	1989	 9	 5.5	6
404	1989	10	 3.8	6
404	1989	11	 1.9	6
404	1989	12	-0.2	6
404	1990	 1	 0.4	6
404	1990	 2	-1.2	6
404	1990	 3	-3.0	6
404	1990	 4	-1.1	6
404	1990	 5	 3.5	6
404	1990	 6	 7.0	6
404	1990	 7	 9.2	6
404	1990	 8	 8.3	6
404	1990	 9	 5.5	6
404	1990	10	 3.0	6
404	1990	11	 2.6	6
404	1990	12	 0.4	6
404	1991	 1	 1.5	6
404	1991	 2	 0.8	6
404	1991	 3	 0.9	6
404	1991	 4	-0.7	6
404	1991	 5	 5.0	6
404	1991	 6	 5.4	6
404	1991	 7	 9.6	6
404	1991	 8	 9.2	6
404	1991	 9	 5.9	6
404	1991	10	 4.3	6
404	1991	11	 0.4	6
404	1991	12	 0.7	6
404	1992	 1	 1.6	6
404	1992	 2	-1.9	6
404	1992	 3	-1.6	6
404	1992	 4	 0.1	6
404	1992	 5	 3.5	6
404	1992	 6	 6.7	6
404	1992	 7	 6.6	6
404	1992	 8	 7.6	6
404	1992	 9	 5.3	6
404	1992	10	 3.6	6
404	1992	11	 1.3	6
404	1992	12	-0.2	6
404	1993	 1	-2.7	6
404	1993	 2	-0.8	6
404	1993	 3	-0.6	6
404	1993	 4	 1.4	6
404	1993	 5	 2.7	6
404	1993	 6	 5.2	6
404	1993	 7	 5.3	6
404	1993	 8	 6.7	6
404	1993	 9	 6.0	6
404	1993	10	 2.4	6
404	1993	11	 4.1	6
404	1993	12	-1.2	6
404	1994	 1	-2.2	6
404	1994	 2	 0.6	6
404	1994	 3	-1.9	6
404	1994	 4	 0.2	6
404	1994	 5	 4.3	6
404	1994	 6	 5.3	6
404	1994	 7	 9.3	6
404	1994	 8	 8.6	6
404	1994	 9	 5.8	6
404	1994	10	 1.4	6
404	1994	11	 2.0	6
404	1994	12	-0.7	6
404	1995	 1	-1.9	6
404	1995	 2	-2.2	6
404	1995	 3	-1.8	6
404	1995	 4	-0.7	6
404	1995	 5	 0.6	6
404	1995	 6	 5.6	6
404	1995	 7	 6.5	6
404	1995	 8	 8.7	6
404	1995	 9	 6.2	6
404	1995	10	 2.9	6
404	1995	11	 1.5	6
404	1995	12	-0.6	6
404	1996	 1	 1.6	6
404	1996	 2	-0.9	6
404	1996	 3	 2.3	6
404	1996	 4	 1.7	6
404	1996	 5	 3.6	6
404	1996	 6	 5.9	6
404	1996	 7	 8.7	6
404	1996	 8	 8.2	6
404	1996	 9	 8.9	6
404	1996	10	 2.9	6
404	1996	11	-1.1	6
404	1996	12	-0.6	6
404	1997	 1	-0.3	6
404	1997	 2	-1.4	6
404	1997	 3	-1.4	6
404	1997	 4	 0.5	6
404	1997	 5	 1.9	6
404	1997	 6	 4.2	6
404	1997	 7	 9.2	6
404	1997	 8	 8.3	6
404	1997	 9	 6.2	6
404	1997	10	 3.4	6
404	1997	11	 2.3	6
404	1997	12	 1.8	6
404	1998	 1	 0.1	6
404	1998	 2	-2.6	6
404	1998	 3	-2.7	6
404	1998	 4	-0.2	6
404	1998	 5	 3.7	6
404	1998	 6	 4.3	6
404	1998	 7	 5.7	6
404	1998	 8	 8.4	6
404	1998	 9	 5.2	6
404	1998	10	 2.1	6
404	1998	11	 1.3	6
404	1998	12	 0.5	6
404	1999	 1	-0.5	6
404	1999	 2	-1.3	6
404	1999	 3	-2.0	6
404	1999	 4	-0.3	6
404	1999	 5	 4.0	6
404	1999	 6	 7.3	6
404	1999	 7	 8.8	6
404	1999	 8	 9.1	6
404	1999	 9	 6.2	6
404	1999	10	 4.0	6
404	1999	11	 1.6	6
404	1999	12	-0.7	6
404	2000	 1	 0.2	6
404	2000	 2	-1.6	6
404	2000	 3	-1.5	6
404	2000	 4	-0.8	6
404	2000	 5	 4.4	6
404	2000	 6	 5.9	6
404	2000	 7	 9.3	6
404	2000	 8	 9.3	6
404	2000	 9	 7.5	6
404	2000	10	 4.1	6
404	2000	11	 1.5	6
404	2000	12	-0.1	6
404	2001	 1	 2.0	7
404	2001	 2	-0.5	7
404	2001	 3	-2.4	7
404	2001	 4	-0.2	7
404	2001	 5	 3.8	7
404	2001	 6	 5.1	7
404	2001	 7	 8.1	7
404	2001	 8	 8.2	7
404	2001	 9	 7.0	7
404	2001	10	 4.5	7
404	2001	11	 1.5	7
404	2001	12	 1.5	7
404	2002	 1	 0.1	7
404	2002	 2	-3.9	7
404	2002	 3	-2.7	7
404	2002	 4	 1.6	7
404	2002	 5	 2.6	7
404	2002	 6	 6.3	7
404	2002	 7	 7.8	7
404	2002	 8	 8.2	7
404	2002	 9	 7.5	7
404	2002	10	 4.2	7
404	2002	11	 3.9	7
404	2002	12	 3.5	7
404	2003	 1	-0.1	7
404	2003	 2	 2.4	7
404	2003	 3	 2.7	7
404	2003	 4	 3.7	7
404	2003	 5	 3.4	7
404	2003	 6	 7.8	7
404	2003	 7	 8.9	7
404	2003	 8	11.2	7
404	2003	 9	 8.2	7
404	2003	10	 4.1	7
404	2003	11	 2.9	7
404	2003	12	-0.5	7
404	2004	 1	-0.8	7
404	2004	 2	-0.1	7
404	2004	 3	 2.4	7
404	2004	 4	 2.4	7
404	2004	 5	 3.8	7
404	2004	 6	 7.5	7
404	2004	 7	 9.9	7
404	2004	 8	10.6	7
404	2004	 9	 8.1	7
404	2004	10	 4.0	7
404	2004	11	 1.3	7
404	2004	12	-0.4	7
404	2005	 1	-0.1	7
404	2005	 2	 0.9	7
404	2005	 3	 1.1	7
404	2005	 4	 0.8	7
404	2005	 5	 2.2	7
404	2005	 6	 6.2	7
404	2005	 7	 8.8	7
404	2005	 8	 7.9	7
404	2005	 9	 4.3	7
404	2005	10	 1.4	7
404	2005	11	 1.0	7
404	2005	12	 1.8	7
404	2006	 1	 1.7	7
404	2006	 2	 1.5	7
404	2006	 3	-0.6	7
404	2006	 4	 1.0	7
404	2006	 5	 2.9	7
404	2006	 6	 7.5	7
404	2006	 7	 8.4	7
404	2006	 8	 9.2	7
404	2006	 9	 7.1	7
404	2006	10	 3.4	7
404	2006	11	-0.5	7
404	2006	12	 2.4	7
404	2007	 1	-0.7	7
404	2007	 2	-0.3	7
404	2007	 3	 1.0	7
404	2007	 4	 2.7	7
404	2007	 5	 2.4	7
404	2007	 6	 7.3	7
404	2007	 7	 8.1	7
404	2007	 8	 8.2	7
404	2007	 9	 6.0	7
404	2007	10	 4.2	7
404	2007	11	 1.4	7
404	2007	12	 1.8	7
404	2008	 1	 0.3	7
404	2008	 2	 0.2	7
404	2008	 3	-1.0	7
404	2008	 4	 0.9	7
404	2008	 5	 4.7	7
404	2008	 6	 7.0	7
404	2008	 7	 9.1	7
404	2008	 8	10.1	7
404	2008	 9	 8.7	7
404	2008	10	 2.6	7
404	2008	11	 1.3	7
404	2008	12	 1.4	7
404	2009	 1	 1.1	7
404	2009	 2	-1.2	7
404	2009	 3	-1.2	7
404	2009	 4	 1.9	7
404	2009	 5	 4.7	7
404	2009	 6	 7.0	7
404	2009	 7	 8.9	7
404	2009	 8	 9.2	7
404	2009	 9	 6.8	7
404	2009	10	 3.5	7
404	2009	11	 2.2	7
404	2009	12	 1.3	7
404	2010	 1	 2.3	7
404	2010	 2	-1.0	7
404	2010	 3	 0.3	7
404	2010	 4	 0.3	7
404	2010	 5	 3.6	7
404	2010	 6	 8.0	7
404	2010	 7	 8.9	7
404	2010	 8	 9.5	7
404	2010	 9	 8.6	7
404	2010	10	 4.7	7
404	2010	11	 1.2	7
404	2010	12	 0.6	7
404	2011	 1	 0.6	7
404	2011	 2	 1.3	7
404	2011	 3	-1.4	7
404	2011	 4	 3.9	7
404	2011	 5	 3.3	7
404	2011	 6	 4.5	7
404	2011	 7	 9.0	7
404	2011	 8	 8.5	7
404	2011	 9	 6.8	7
404	2011	10	 3.7	7
404	2011	11	 3.7	7
404	2011	12	-1.1	7
404	2012	 1	 1.2	7
404	2012	 2	 1.7	7
404	2012	 3	 1.9	7
404	2012	 4	 0.4	7
404	2012	 5	 3.6	7
404	2012	 6	 6.4	7
404	2012	 7	 9.1	7
404	2012	 8	 9.7	7
404	2012	 9	 5.5	7
404	2012	10	 2.9	7
404	2012	11	 0.7	7
404	2012	12	 0.7	7
404	2013	 1	 2.0	7
404	2013	 2	 2.3	7
404	2013	 3	-1.2	7
404	2013	 4	-0.8	7
404	2013	 5	 3.7	7
404	2013	 6	 9.0	7
404	2013	 7	 8.8	7
404	2013	 8	 8.1	7
404	2013	 9	 5.3	7
404	2013	10	 3.2	7
404	2013	11	 0.9	7
404	2013	12	 0.0	7
404	2014	 1	 2.3	7
404	2014	 2	 0.6	7
404	2014	 3	 0.5	7
404	2014	 4	 2.1	7
404	2014	 5	 5.1	7
404	2014	 6	 9.7	7
404	2014	 7	10.8	7
404	2014	 8	 9.7	7
404	2014	 9	 8.8	7
404	2014	10	 4.3	7
404	2014	11	 4.3	7
404	2014	12	 0.4	7
404	2015	 1	 0.5	7
404	2015	 2	-0.4	7
404	2015	 3	 0.6	7
404	2015	 4	 1.1	7
404	2015	 5	 2.1	7
404	2015	 6	 5.6	7
404	2015	 7	 6.4	7
404	2015	 8	 8.3	7
404	2015	 9	 8.4	7
404	2015	10	 5.2	7
404	2015	11	 2.2	7
404	2015	12	 0.3	7
