495 Grímsstaðir Meðalhiti
nr	ar	 man	   t	mat
495	1907	 1	-4.3	4
495	1907	 2	-7.8	4
495	1907	 3	-6.6	4
495	1907	 4	-0.3	4
495	1907	 5	 1.7	4
495	1907	 6	 4.2	4
495	1907	 7	 7.6	4
495	1907	 8	 3.9	4
495	1907	 9	 2.9	4
495	1907	10	-1.9	4
495	1907	11	-3.8	4
495	1907	12	-1.8	4
495	1908	 1	-4.4	4
495	1908	 2	-6.0	4
495	1908	 3	-2.7	4
495	1908	 4	-0.4	4
495	1908	 5	 2.8	4
495	1908	 6	 6.6	4
495	1908	 7	11.5	4
495	1908	 8	 7.3	4
495	1908	 9	 5.2	4
495	1908	10	 4.3	4
495	1908	11	-4.2	4
495	1908	12	-3.5	4
495	1909	 1	-6.0	4
495	1909	 2	-1.7	4
495	1909	 3	-5.7	4
495	1909	 4	 0.6	4
495	1909	 5	 1.6	4
495	1909	 6	10.7	4
495	1909	 7	 8.2	4
495	1909	 8	 7.5	4
495	1909	 9	 5.1	4
495	1909	10	-2.8	4
495	1909	11	-3.3	4
495	1909	12	-9.0	4
495	1910	 1	-7.1	4
495	1910	 2	-6.2	4
495	1910	 3	-2.5	4
495	1910	 4	-4.3	4
495	1910	 5	 3.3	4
495	1910	 6	 6.0	4
495	1910	 7	 9.6	4
495	1910	 8	 8.6	4
495	1910	 9	 4.6	4
495	1910	10	 1.5	4
495	1910	11	-7.3	4
495	1910	12	-4.3	4
495	1911	 1	-5.1	4
495	1911	 2	-6.3	4
495	1911	 3	-4.2	4
495	1911	 4	-2.5	4
495	1911	 5	 4.8	4
495	1911	 6	 6.0	4
495	1911	 7	 8.3	4
495	1911	 8	 7.8	4
495	1911	 9	 3.6	4
495	1911	10	 1.2	4
495	1911	11	-3.3	4
495	1911	12	-2.3	4
495	1912	 1	-5.0	4
495	1912	 2	-7.3	4
495	1912	 3	-4.7	4
495	1912	 4	-1.3	4
495	1912	 5	 4.1	4
495	1912	 6	 7.4	4
495	1912	 7	 9.3	4
495	1912	 8	 4.0	4
495	1912	 9	 5.6	4
495	1912	10	 1.2	4
495	1912	11	-4.2	4
495	1912	12	-6.1	4
495	1913	 1	-4.0	4
495	1913	 2	-3.6	4
495	1913	 3	-6.5	4
495	1913	 4	 0.3	4
495	1913	 5	 2.4	4
495	1913	 6	 6.2	4
495	1913	 7	 9.9	4
495	1913	 8	 8.3	4
495	1913	 9	 4.7	4
495	1913	10	-0.6	4
495	1913	11	-4.3	4
495	1913	12	-6.2	4
495	1914	 1	-3.9	4
495	1914	 2	-6.7	4
495	1914	 3	-7.3	4
495	1914	 4	-3.5	4
495	1914	 5	-0.7	4
495	1914	 6	 7.0	4
495	1914	 7	10.1	4
495	1914	 8	 9.1	4
495	1914	 9	 4.3	4
495	1914	10	 2.3	4
495	1914	11	-5.5	4
495	1914	12	-6.0	4
495	1915	 1	-4.6	4
495	1915	 2	-6.4	4
495	1915	 3	-6.0	4
495	1915	 4	-1.0	4
495	1915	 5	 2.4	4
495	1915	 6	 8.1	4
495	1915	 7	 6.5	4
495	1915	 8	 8.2	4
495	1915	 9	 4.3	4
495	1915	10	 5.0	4
495	1915	11	-2.3	4
495	1915	12	-8.1	4
495	1916	 1	-4.2	4
495	1916	 2	-4.3	4
495	1916	 3	-6.7	4
495	1916	 4	-3.0	4
495	1916	 5	 1.0	4
495	1916	 6	 6.7	4
495	1916	 7	11.1	4
495	1916	 8	10.0	4
495	1916	 9	 4.0	4
495	1916	10	 0.6	4
495	1916	11	-4.0	4
495	1916	12	-7.1	4
495	1917	 1	-5.8	4
495	1917	 2	-4.0	4
495	1917	 3	-3.7	4
495	1917	 4	-6.7	4
495	1917	 5	 1.8	4
495	1917	 6	 4.2	4
495	1917	 7	12.1	4
495	1917	 8	 7.1	4
495	1917	 9	 2.1	4
495	1917	10	-4.1	4
495	1917	11	-4.8	4
495	1917	12	-8.2	4
495	1918	 1	-16.4	4
495	1918	 2	-5.7	4
495	1918	 3	-2.0	4
495	1918	 4	-1.8	4
495	1918	 5	 5.3	4
495	1918	 6	 6.2	4
495	1918	 7	 6.2	4
495	1918	 8	 7.0	4
495	1918	 9	 0.2	4
495	1918	10	 0.2	4
495	1918	11	-2.5	4
495	1918	12	-5.4	4
495	1919	 1	-4.9	4
495	1919	 2	-6.7	4
495	1919	 3	-10.1	4
495	1919	 4	-3.9	4
495	1919	 5	 4.7	4
495	1919	 6	 7.4	4
495	1919	 7	11.9	4
495	1919	 8	 5.6	4
495	1919	 9	 2.4	4
495	1919	10	-0.6	4
495	1919	11	-6.3	4
495	1919	12	-4.2	4
495	1920	 1	-8.4	4
495	1920	 2	-8.0	4
495	1920	 3	-5.5	4
495	1920	 4	-4.1	4
495	1920	 5	 1.4	4
495	1920	 6	 8.8	4
495	1920	 7	 8.3	4
495	1920	 8	 7.5	4
495	1920	 9	 5.3	4
495	1920	10	 4.3	4
495	1920	11	-1.2	4
495	1920	12	-3.3	4
495	1921	 1	-7.7	4
495	1921	 2	-1.4	4
495	1921	 3	-6.3	4
495	1921	 4	-0.4	4
495	1921	 5	 0.0	4
495	1921	 6	 7.5	4
495	1921	 7	 8.7	4
495	1921	 8	 5.1	4
495	1921	 9	 2.6	4
495	1921	10	-0.2	4
495	1921	11	-2.2	4
495	1921	12	-4.7	4
495	1922	 1	-2.8	4
495	1922	 2	-3.0	4
495	1922	 3	-3.4	4
495	1922	 4	-3.0	4
495	1922	 5	 0.6	4
495	1922	 6	 4.6	4
495	1922	 7	 7.2	4
495	1922	 8	 6.9	4
495	1922	 9	 2.3	4
495	1922	10	 1.8	4
495	1922	11	-2.0	4
495	1922	12	-2.3	4
495	1923	 1	-6.2	4
495	1923	 2	-2.6	4
495	1923	 3	 0.4	4
495	1923	 4	 0.9	4
495	1923	 5	 1.1	4
495	1923	 6	 6.4	4
495	1923	 7	 7.6	4
495	1923	 8	 5.6	4
495	1923	 9	 1.2	4
495	1923	10	-0.5	4
495	1923	11	-5.8	4
495	1923	12	-6.0	4
495	1924	 1	-2.6	4
495	1924	 2	-4.0	4
495	1924	 3	-6.1	4
495	1924	 4	-3.9	4
495	1924	 5	-0.7	4
495	1924	 6	 4.4	4
495	1924	 7	 8.4	4
495	1924	 8	 6.8	4
495	1924	 9	 2.2	4
495	1924	10	 0.6	4
495	1924	11	-0.2	4
495	1924	12	-2.5	4
495	1925	 1	-3.3	4
495	1925	 2	-6.8	4
495	1925	 3	-4.2	4
495	1925	 4	-2.2	4
495	1925	 5	 2.8	4
495	1925	 6	 8.5	4
495	1925	 7	 9.7	4
495	1925	 8	 8.3	4
495	1925	 9	 4.4	4
495	1925	10	-0.9	4
495	1925	11	-2.9	4
495	1925	12	-7.6	4
495	1926	 1	-3.8	4
495	1926	 2	-2.1	4
495	1926	 3	-5.2	4
495	1926	 4	 2.1	4
495	1926	 5	 2.1	4
495	1926	 6	 8.1	4
495	1926	 7	10.8	4
495	1926	 8	 8.7	4
495	1926	 9	 3.8	4
495	1926	10	-3.3	4
495	1926	11	-3.3	4
495	1926	12	-4.1	4
495	1927	 1	-7.0	4
495	1927	 2	-3.6	4
495	1927	 3	-1.9	4
495	1927	 4	-3.3	4
495	1927	 5	 2.5	4
495	1927	 6	 6.5	4
495	1927	 7	11.9	4
495	1927	 8	 8.5	4
495	1927	 9	 4.5	4
495	1927	10	-1.4	4
495	1927	11	-2.6	4
495	1927	12	-4.2	4
495	1928	 1	-6.7	4
495	1928	 2	-4.4	4
495	1928	 3	-2.9	4
495	1928	 4	 1.7	4
495	1928	 5	 6.5	4
495	1928	 6	 3.7	4
495	1928	 7	 7.7	4
495	1928	 8	 7.3	4
495	1928	 9	 6.3	4
495	1928	10	 2.1	4
495	1928	11	-1.6	4
495	1928	12	-4.0	4
495	1929	 1	-3.1	4
495	1929	 2	-0.8	4
495	1929	 3	 2.7	4
495	1929	 4	 0.0	4
495	1929	 5	 3.3	4
495	1929	 6	 5.5	4
495	1929	 7	10.0	4
495	1929	 8	 6.4	4
495	1929	 9	 3.5	4
495	1929	10	-3.0	4
495	1929	11	-3.9	4
495	1929	12	-3.5	4
495	1930	 1	-5.4	4
495	1930	 2	-2.2	4
495	1930	 3	-8.0	4
495	1930	 4	 1.6	4
495	1930	 5	 4.0	4
495	1930	 6	 7.9	4
495	1930	 7	 8.6	4
495	1930	 8	 7.6	4
495	1930	 9	 6.9	4
495	1930	10	-0.0	4
495	1930	11	-6.7	4
495	1930	12	-2.8	4
495	1931	 1	-6.4	4
495	1931	 2	-8.6	4
495	1931	 3	-5.7	4
495	1931	 4	-0.6	4
495	1931	 5	 1.8	4
495	1931	 6	 4.2	4
495	1931	 7	 8.2	4
495	1931	 8	 9.4	4
495	1931	 9	 6.9	4
495	1931	10	-0.3	4
495	1931	11	-0.2	4
495	1931	12	-4.0	4
495	1932	 1	-5.7	4
495	1932	 2	 1.1	4
495	1932	 3	-1.6	4
495	1932	 4	-3.1	4
495	1932	 5	 5.5	4
495	1932	 6	 8.4	4
495	1932	 7	 8.0	4
495	1932	 8	 9.6	4
495	1932	 9	 2.8	4
495	1932	10	-1.2	4
495	1932	11	-1.8	4
495	1932	12	-2.9	4
495	1933	 1	-1.9	4
495	1933	 2	-8.5	4
495	1933	 3	-2.5	4
495	1933	 4	-1.8	4
495	1933	 5	 6.0	4
495	1933	 6	10.5	4
495	1933	 7	12.1	4
495	1933	 8	 9.1	4
495	1933	 9	 7.8	4
495	1933	10	-0.2	4
495	1933	11	 0.4	4
495	1933	12	 0.2	4
495	1934	 1	-4.0	4
495	1934	 2	-2.5	4
495	1934	 3	-5.3	4
495	1934	 4	-0.3	4
495	1934	 5	 2.4	4
495	1934	 6	10.5	4
495	1934	 7	11.2	4
495	1934	 8	 9.6	4
495	1934	 9	 6.1	4
495	1934	10	-0.4	4
495	1934	11	-2.2	4
495	1934	12	-0.8	4
495	1935	 1	-2.1	4
495	1935	 2	-10.2	4
495	1935	 3	-1.6	4
495	1935	 4	-3.1	4
495	1935	 5	 6.7	4
495	1935	 6	 5.7	4
495	1935	 7	 8.8	4
495	1935	 8	 8.1	4
495	1935	 9	 4.4	4
495	1935	10	-1.1	4
495	1935	11	-0.6	4
495	1935	12	-5.6	4
495	1936	 1	-9.2	4
495	1936	 2	-7.4	4
495	1936	 3	-3.4	4
495	1936	 4	-2.1	4
495	1936	 5	 5.5	4
495	1936	 6	 8.4	4
495	1936	 7	 9.1	4
495	1936	 8	 8.7	4
495	1936	 9	 6.4	4
495	1936	10	 2.1	4
495	1936	11	-3.1	4
495	1936	12	-8.5	4
495	1937	 1	-2.0	4
495	1937	 2	-5.2	4
495	1937	 3	-7.2	4
495	1937	 4	 1.7	4
495	1937	 5	 3.7	4
495	1937	 6	 7.6	4
495	1937	 7	 9.3	4
495	1937	 8	 8.4	4
495	1937	 9	 4.3	4
495	1937	10	 1.1	4
495	1937	11	-0.6	4
495	1937	12	-1.4	4
495	1938	 1	-4.7	4
495	1938	 2	-2.4	4
495	1938	 3	-2.3	4
495	1938	 4	 2.2	4
495	1938	 5	 1.3	4
495	1938	 6	 5.1	4
495	1938	 7	 6.8	4
495	1938	 8	 9.0	4
495	1938	 9	 6.5	4
495	1938	10	 0.7	4
495	1938	11	-3.1	4
495	1938	12	-2.2	4
495	1939	 1	-8.2	4
495	1939	 2	-3.6	4
495	1939	 3	-0.9	4
495	1939	 4	 0.0	4
495	1939	 5	 6.9	4
495	1939	 6	 8.2	4
495	1939	 7	 9.0	4
495	1939	 8	11.0	4
495	1939	 9	 8.9	4
495	1939	10	 2.4	4
495	1939	11	-3.5	4
495	1939	12	-5.8	4
495	1940	 1	-3.2	4
495	1940	 2	-4.9	4
495	1940	 3	-5.9	4
495	1940	 4	-1.7	4
495	1940	 5	 6.0	4
495	1940	 6	 8.8	4
495	1940	 7	 8.1	4
495	1940	 8	 7.2	4
495	1940	 9	 2.7	4
495	1940	10	 0.9	4
495	1940	11	-3.8	4
495	1940	12	-2.1	4
495	1941	 1	-6.9	4
495	1941	 2	-7.3	4
495	1941	 3	-3.8	4
495	1941	 4	-0.4	4
495	1941	 5	 6.1	4
495	1941	 6	10.3	4
495	1941	 7	10.0	4
495	1941	 8	 6.9	4
495	1941	 9	 8.5	4
495	1941	10	 1.9	4
495	1941	11	 0.1	4
495	1941	12	-2.7	4
495	1942	 1	-2.9	4
495	1942	 2	-5.4	4
495	1942	 3	-2.8	4
495	1942	 4	 0.0	4
495	1942	 5	 3.0	4
495	1942	 6	 6.5	4
495	1942	 7	 6.8	4
495	1942	 8	 8.4	4
495	1942	 9	 2.6	4
495	1942	10	-1.9	4
495	1942	11	-0.9	4
495	1942	12	-2.7	4
495	1943	 1	-5.9	4
495	1943	 2	-7.0	4
495	1943	 3	-3.0	4
495	1943	 4	-1.6	4
495	1943	 5	 1.4	4
495	1943	 6	 6.7	4
495	1943	 7	 8.8	4
495	1943	 8	 3.6	4
495	1943	 9	 4.1	4
495	1943	10	-0.2	4
495	1943	11	-2.6	4
495	1943	12	-1.7	4
495	1944	 1	-7.4	4
495	1944	 2	-5.3	4
495	1944	 3	-3.9	4
495	1944	 4	-1.2	4
495	1944	 5	 3.1	4
495	1944	 6	 6.8	4
495	1944	 7	10.2	4
495	1944	 8	 8.1	4
495	1944	 9	 4.1	4
495	1944	10	-0.3	4
495	1944	11	-4.3	4
495	1944	12	-4.4	4
495	1945	 1	-8.0	4
495	1945	 2	-5.2	4
495	1945	 3	 0.2	4
495	1945	 4	 0.3	4
495	1945	 5	 4.3	4
495	1945	 6	 7.6	4
495	1945	 7	11.4	4
495	1945	 8	11.7	4
495	1945	 9	 6.5	4
495	1945	10	 2.6	4
495	1945	11	 1.6	4
495	1945	12	-3.7	4
495	1946	 1	-1.3	4
495	1946	 2	-4.8	4
495	1946	 3	-3.0	4
495	1946	 4	-0.3	4
495	1946	 5	 6.5	4
495	1946	 6	 5.5	4
495	1946	 7	10.1	4
495	1946	 8	 7.6	4
495	1946	 9	 4.3	4
495	1946	10	 4.8	4
495	1946	11	-2.7	4
495	1946	12	-0.9	4
495	1947	 1	 0.2	4
495	1947	 2	-8.1	4
495	1947	 3	-9.8	4
495	1947	 4	-2.8	4
495	1947	 5	 6.4	4
495	1947	 6	 7.2	4
495	1947	 7	10.1	4
495	1947	 8	10.5	4
495	1947	 9	 4.9	4
495	1947	10	 1.9	4
495	1947	11	-4.7	4
495	1947	12	-3.7	4
495	1948	 1	-3.9	4
495	1948	 2	-2.2	4
495	1948	 3	 0.7	4
495	1948	 4	-2.7	4
495	1948	 5	 2.2	4
495	1948	 6	 6.4	4
495	1948	 7	 8.2	4
495	1948	 8	 9.2	4
495	1948	 9	 1.1	4
495	1948	10	-1.6	4
495	1948	11	-1.5	4
495	1948	12	-3.1	4
495	1949	 1	-7.1	4
495	1949	 2	-4.5	4
495	1949	 3	-4.2	4
495	1949	 4	-5.2	4
495	1949	 5	-1.2	4
495	1949	 6	 8.1	4
495	1949	 7	10.5	4
495	1949	 8	 6.8	4
495	1949	 9	 6.5	4
495	1949	10	-0.1	4
495	1949	11	-1.3	4
495	1949	12	-6.0	4
495	1950	 1	-1.2	4
495	1950	 2	-6.7	4
495	1950	 3	-3.9	4
495	1950	 4	-3.6	4
495	1950	 5	 3.3	4
495	1950	 6	 6.3	4
495	1950	 7	 9.3	4
495	1950	 8	 9.0	4
495	1950	 9	 2.9	4
495	1950	10	 0.1	4
495	1950	11	-3.2	4
495	1950	12	-6.7	4
495	1951	 1	-6.5	5
495	1951	 2	-4.6	5
495	1951	 3	-7.5	5
495	1951	 4	-4.9	5
495	1951	 5	 4.7	5
495	1951	 6	 7.3	5
495	1951	 7	 8.4	5
495	1951	 8	 7.7	5
495	1951	 9	 5.3	5
495	1951	10	 1.9	5
495	1951	11	-2.5	5
495	1951	12	-4.6	5
495	1952	 1	-6.9	5
495	1952	 2	-5.0	5
495	1952	 3	-4.0	5
495	1952	 4	-1.1	5
495	1952	 5	 2.2	5
495	1952	 6	 2.5	5
495	1952	 7	 8.1	5
495	1952	 8	 6.2	5
495	1952	 9	 3.5	5
495	1952	10	 1.9	5
495	1952	11	-1.3	5
495	1952	12	-2.9	5
495	1953	 1	-4.3	5
495	1953	 2	-2.9	5
495	1953	 3	-0.5	5
495	1953	 4	-5.2	5
495	1953	 5	 3.5	5
495	1953	 6	10.8	5
495	1953	 7	 8.7	5
495	1953	 8	 8.8	5
495	1953	 9	 6.2	5
495	1953	10	 1.2	5
495	1953	11	-2.0	5
495	1953	12	-0.3	5
495	1954	 1	-2.0	5
495	1954	 2	-4.2	5
495	1954	 3	-3.6	5
495	1954	 4	 1.4	5
495	1954	 5	 4.7	5
495	1954	 6	 7.2	5
495	1954	 7	 7.3	5
495	1954	 8	 7.6	5
495	1954	 9	 0.5	5
495	1954	10	-1.5	5
495	1954	11	-1.0	5
495	1954	12	-5.2	5
495	1955	 1	-6.8	5
495	1955	 2	-9.3	5
495	1955	 3	-5.0	5
495	1955	 4	 1.6	5
495	1955	 5	 2.4	5
495	1955	 6	 8.7	5
495	1955	 7	10.8	5
495	1955	 8	 9.8	5
495	1955	 9	 4.9	5
495	1955	10	-1.7	5
495	1955	11	-0.2	5
495	1955	12	-7.0	5
495	1956	 1	-8.2	5
495	1956	 2	-0.8	5
495	1956	 3	-0.6	5
495	1956	 4	-1.3	5
495	1956	 5	 3.5	5
495	1956	 6	 5.5	5
495	1956	 7	 8.3	5
495	1956	 8	 5.4	5
495	1956	 9	 5.4	5
495	1956	10	 0.8	5
495	1956	11	 1.7	5
495	1956	12	-1.6	5
495	1957	 1	-2.6	5
495	1957	 2	-6.8	5
495	1957	 3	-3.9	5
495	1957	 4	 1.8	5
495	1957	 5	 3.2	5
495	1957	 6	 6.2	5
495	1957	 7	 8.7	5
495	1957	 8	 8.6	5
495	1957	 9	 2.6	5
495	1957	10	-0.0	5
495	1957	11	-1.8	5
495	1957	12	-4.6	5
495	1958	 1	-7.0	5
495	1958	 2	-8.4	5
495	1958	 3	-5.3	5
495	1958	 4	 0.4	5
495	1958	 5	-0.7	5
495	1958	 6	 7.5	5
495	1958	 7	 8.4	5
495	1958	 8	 5.3	5
495	1958	 9	 8.9	5
495	1958	10	 2.7	5
495	1958	11	 1.0	5
495	1958	12	-4.1	5
495	1959	 1	-9.4	5
495	1959	 2	-1.2	5
495	1959	 3	 0.2	5
495	1959	 4	-2.8	5
495	1959	 5	 6.1	5
495	1959	 6	 7.0	5
495	1959	 7	10.2	5
495	1959	 8	 6.8	5
495	1959	 9	 6.9	5
495	1959	10	 4.6	5
495	1959	11	-2.6	5
495	1959	12	-3.4	5
495	1960	 1	-3.7	5
495	1960	 2	-6.6	5
495	1960	 3	-0.9	5
495	1960	 4	 0.6	5
495	1960	 5	 6.5	5
495	1960	 6	 8.5	5
495	1960	 7	 7.9	5
495	1960	 8	 6.6	5
495	1960	 9	 5.2	5
495	1960	10	-0.6	5
495	1960	11	-0.0	5
495	1960	12	-4.0	5
495	1961	 1	-3.4	5
495	1961	 2	-3.1	5
495	1961	 3	-3.9	5
495	1961	 4	-3.2	5
495	1961	 5	 6.1	5
495	1961	 6	 5.3	5
495	1961	 7	 8.1	5
495	1961	 8	 7.5	5
495	1961	 9	 6.0	5
495	1961	10	 2.2	5
495	1961	11	-1.1	5
495	1961	12	-7.3	5
495	1962	 1	-2.8	5
495	1962	 2	-5.4	5
495	1962	 3	-9.3	5
495	1962	 4	 0.0	5
495	1962	 5	 3.3	5
495	1962	 6	 6.5	5
495	1962	 7	 9.2	5
495	1962	 8	 6.4	5
495	1962	 9	 3.9	5
495	1962	10	 0.9	5
495	1962	11	-3.3	5
495	1962	12	-4.2	5
495	1963	 1	-6.7	5
495	1963	 2	-4.3	5
495	1963	 3	 0.3	5
495	1963	 4	-0.7	5
495	1963	 5	 1.7	5
495	1963	 6	 9.5	5
495	1963	 7	 7.0	5
495	1963	 8	 6.0	5
495	1963	 9	 2.1	5
495	1963	10	 1.0	5
495	1963	11	-5.1	5
495	1963	12	-3.0	5
495	1964	 1	-2.3	6
495	1964	 2	-1.8	6
495	1964	 3	 1.5	6
495	1964	 4	 0.1	6
495	1964	 5	 3.7	6
495	1964	 6	 5.8	6
495	1964	 7	 8.0	6
495	1964	 8	 4.3	6
495	1964	 9	 1.8	6
495	1964	10	 1.2	6
495	1964	11	-2.4	6
495	1964	12	-6.8	6
495	1965	 1	-5.6	6
495	1965	 2	-1.3	6
495	1965	 3	-8.2	6
495	1965	 4	-1.6	6
495	1965	 5	 3.3	6
495	1965	 6	 6.1	6
495	1965	 7	 8.0	6
495	1965	 8	 6.7	6
495	1965	 9	 2.2	6
495	1965	10	 3.9	6
495	1965	11	-5.1	6
495	1965	12	-7.7	6
495	1966	 1	-7.1	6
495	1966	 2	-9.6	6
495	1966	 3	-6.7	6
495	1966	 4	-0.7	6
495	1966	 5	 1.9	6
495	1966	 6	 7.9	6
495	1966	 7	 6.6	6
495	1966	 8	 6.0	6
495	1966	 9	 3.6	6
495	1966	10	-1.4	6
495	1966	11	-3.9	6
495	1966	12	-7.0	6
495	1967	 1	-4.2	6
495	1967	 2	-2.7	6
495	1967	 3	-10.1	6
495	1967	 4	-2.6	6
495	1967	 5	 0.1	6
495	1967	 6	 6.4	6
495	1967	 7	 5.9	6
495	1967	 8	 7.5	6
495	1967	 9	 5.6	6
495	1967	10	-1.6	6
495	1967	11	-4.5	6
495	1967	12	-5.7	6
495	1968	 1	-8.3	6
495	1968	 2	-8.3	6
495	1968	 3	-7.3	6
495	1968	 4	-3.0	6
495	1968	 5	 0.3	6
495	1968	 6	 5.0	6
495	1968	 7	10.0	6
495	1968	 8	 7.3	6
495	1968	 9	 5.9	6
495	1968	10	-2.9	6
495	1968	11	 0.3	6
495	1968	12	-4.9	6
495	1969	 1	-6.5	6
495	1969	 2	-9.3	6
495	1969	 3	-7.1	6
495	1969	 4	-3.1	6
495	1969	 5	 2.0	6
495	1969	 6	 8.3	6
495	1969	 7	 7.0	6
495	1969	 8	 9.0	6
495	1969	 9	 2.8	6
495	1969	10	 0.3	6
495	1969	11	-7.2	6
495	1969	12	-4.6	6
495	1970	 1	-4.0	6
495	1970	 2	-7.4	6
495	1970	 3	-8.0	6
495	1970	 4	-3.5	6
495	1970	 5	 3.1	6
495	1970	 6	 8.7	6
495	1970	 7	 4.7	6
495	1970	 8	 7.3	6
495	1970	 9	 3.7	6
495	1970	10	-0.5	6
495	1970	11	-4.5	6
495	1970	12	-2.9	6
495	1971	 1	-9.5	6
495	1971	 2	-3.4	6
495	1971	 3	-3.3	6
495	1971	 4	-1.1	6
495	1971	 5	 4.3	6
495	1971	 6	 5.7	6
495	1971	 7	 8.9	6
495	1971	 8	 6.5	6
495	1971	 9	 4.3	6
495	1971	10	 0.5	6
495	1971	11	-4.1	6
495	1971	12	-4.9	6
495	1972	 1	-0.9	6
495	1972	 2	-1.7	6
495	1972	 3	-1.2	6
495	1972	 4	-0.7	6
495	1972	 5	 5.1	6
495	1972	 6	 6.5	6
495	1972	 7	 9.0	6
495	1972	 8	 6.6	6
495	1972	 9	 4.5	6
495	1972	10	 1.1	6
495	1972	11	-3.9	6
495	1972	12	-2.4	6
495	1973	 1	-0.8	6
495	1973	 2	-8.6	6
495	1973	 3	-1.7	6
495	1973	 4	-1.5	6
495	1973	 5	 1.4	6
495	1973	 6	 5.0	6
495	1973	 7	 9.7	6
495	1973	 8	 7.4	6
495	1973	 9	 6.0	6
495	1973	10	 0.3	6
495	1973	11	-8.1	6
495	1973	12	-9.2	6
495	1974	 1	-2.2	6
495	1974	 2	-4.9	6
495	1974	 3	 0.4	6
495	1974	 4	 3.8	6
495	1974	 5	 4.8	6
495	1974	 6	 7.6	6
495	1974	 7	 7.6	6
495	1974	 8	 6.1	6
495	1974	 9	 2.4	6
495	1974	10	 0.1	6
495	1974	11	-1.6	6
495	1974	12	-7.9	6
495	1975	 1	-9.2	6
495	1975	 2	-2.1	6
495	1975	 3	-4.9	6
495	1975	 4	-2.5	6
495	1975	 5	 4.0	6
495	1975	 6	 4.8	6
495	1975	 7	10.3	6
495	1975	 8	 9.5	6
495	1975	 9	 1.2	6
495	1975	10	 1.6	6
495	1975	11	-1.4	6
495	1975	12	-5.1	6
495	1976	 1	-7.5	6
495	1976	 2	-3.0	6
495	1976	 3	-1.4	6
495	1976	 4	-0.2	6
495	1976	 5	 3.6	6
495	1976	 6	 8.3	6
495	1976	 7	10.8	6
495	1976	 8	 9.9	6
495	1976	 9	 5.2	6
495	1976	10	 2.9	6
495	1976	11	-0.7	6
495	1976	12	-7.3	6
495	1977	 1	-6.0	6
495	1977	 2	-6.1	6
495	1977	 3	-3.1	6
495	1977	 4	-4.1	6
495	1977	 5	 3.3	6
495	1977	 6	 6.8	6
495	1977	 7	 9.9	6
495	1977	 8	 7.5	6
495	1977	 9	 4.2	6
495	1977	10	 1.1	6
495	1977	11	-5.4	6
495	1977	12	-3.0	6
495	1978	 1	-6.9	6
495	1978	 2	-6.8	6
495	1978	 3	-3.6	6
495	1978	 4	-0.9	6
495	1978	 5	 4.1	6
495	1978	 6	 6.1	6
495	1978	 7	 8.5	6
495	1978	 8	 9.7	6
495	1978	 9	 3.7	6
495	1978	10	 0.7	6
495	1978	11	-3.6	6
495	1978	12	-2.8	6
495	1979	 1	-9.9	6
495	1979	 2	-6.2	6
495	1979	 3	-11.2	6
495	1979	 4	-3.3	6
495	1979	 5	-3.8	6
495	1979	 6	 6.2	6
495	1979	 7	 6.7	6
495	1979	 8	 6.1	6
495	1979	 9	 0.4	6
495	1979	10	 1.4	6
495	1979	11	-4.0	6
495	1979	12	-4.2	6
495	1980	 1	-6.0	6
495	1980	 2	-4.2	6
495	1980	 3	-3.6	6
495	1980	 4	 0.7	6
495	1980	 5	 5.2	6
495	1980	 6	 7.9	6
495	1980	 7	 8.8	6
495	1980	 8	 7.7	6
495	1980	 9	 4.3	6
495	1980	10	-2.5	6
495	1980	11	-4.2	6
495	1980	12	-7.3	6
495	1981	 1	-7.3	6
495	1981	 2	-6.5	6
495	1981	 3	-5.9	6
495	1981	 4	 0.5	6
495	1981	 5	 3.0	6
495	1981	 6	 5.5	6
495	1981	 7	 7.4	6
495	1981	 8	 9.0	6
495	1981	 9	 3.9	6
495	1981	10	-3.4	6
495	1981	11	-5.0	6
495	1981	12	-7.0	6
495	1982	 1	-6.4	6
495	1982	 2	-1.9	6
495	1982	 3	-3.7	6
495	1982	 4	-0.4	6
495	1982	 5	 0.9	6
495	1982	 6	 8.4	6
495	1982	 7	 9.8	6
495	1982	 8	 6.3	6
495	1982	 9	 2.0	6
495	1982	10	 1.3	6
495	1982	11	-4.9	6
495	1982	12	-6.0	6
495	1983	 1	-7.2	6
495	1983	 2	-3.0	6
495	1983	 3	-4.6	6
495	1983	 4	-5.6	6
495	1983	 5	 0.5	6
495	1983	 6	 6.4	6
495	1983	 7	 8.5	6
495	1983	 8	 8.0	6
495	1983	 9	 1.9	6
495	1983	10	-1.2	6
495	1983	11	-3.3	6
495	1983	12	-5.3	6
495	1984	 1	-8.8	6
495	1984	 2	-3.2	6
495	1984	 3	-3.0	6
495	1984	 4	 0.8	6
495	1984	 5	 3.9	6
495	1984	 6	 9.1	6
495	1984	 7	11.7	6
495	1984	 8	 9.9	6
495	1984	 9	 3.9	6
495	1984	10	-0.7	6
495	1984	11	-2.8	6
495	1984	12	-2.5	6
495	1985	 1	-6.8	6
495	1985	 2	-4.8	6
495	1985	 3	-4.9	6
495	1985	 4	-1.4	6
495	1985	 5	 4.4	6
495	1985	 6	 6.9	6
495	1985	 7	 7.4	6
495	1985	 8	 5.7	6
495	1985	 9	 2.1	6
495	1985	10	 3.1	6
495	1985	11	-5.8	6
495	1985	12	-6.8	6
495	1986	 1	-4.8	6
495	1986	 2	-5.5	6
495	1986	 3	-2.9	6
495	1986	 4	-1.3	6
495	1986	 5	 0.6	6
495	1986	 6	 8.7	6
495	1986	 7	 8.0	6
495	1986	 8	 7.7	6
495	1986	 9	 2.5	6
495	1986	10	-1.9	6
495	1986	11	-3.1	6
495	1986	12	-5.1	6
495	1987	 1	-1.8	6
495	1987	 2	-4.9	6
495	1987	 3	-3.7	6
495	1987	 4	 0.3	6
495	1987	 5	 5.7	6
495	1987	 6	 6.7	6
495	1987	 7	10.2	6
495	1987	 8	 7.8	6
495	1987	 9	 4.0	6
495	1987	10	-1.0	6
495	1987	11	 0.8	6
495	1987	12	-1.2	6
495	1988	 1	-8.6	6
495	1988	 2	-6.3	6
495	1988	 3	-6.5	6
495	1988	 4	-5.3	6
495	1988	 5	 3.7	6
495	1988	 6	 9.5	6
495	1988	 7	 8.7	6
495	1988	 8	 9.1	6
495	1988	 9	 4.2	6
495	1988	10	-0.2	6
495	1988	11	-1.9	6
495	1988	12	-4.0	6
495	1989	 1	-3.9	6
495	1989	 2	-7.3	6
495	1989	 3	-5.2	6
495	1989	 4	-2.1	6
495	1989	 5	 1.9	6
495	1989	 6	 6.8	6
495	1989	 7	 9.8	6
495	1989	 8	 7.7	6
495	1989	 9	 4.2	6
495	1989	10	 1.4	6
495	1989	11	-2.3	6
495	1989	12	-4.6	6
495	1990	 1	-2.8	6
495	1990	 2	-6.1	6
495	1990	 3	-6.4	6
495	1990	 4	-4.1	6
495	1990	 5	 5.0	6
495	1990	 6	 7.4	6
495	1990	 7	11.0	6
495	1990	 8	 8.2	6
495	1990	 9	 3.9	6
495	1990	10	 0.6	6
495	1990	11	-1.1	6
495	1990	12	-4.3	6
495	1991	 1	-2.3	6
495	1991	 2	-3.3	6
495	1991	 3	-1.4	6
495	1991	 4	-3.8	6
495	1991	 5	 5.6	6
495	1991	 6	 6.4	6
495	1991	 7	12.3	6
495	1991	 8	 9.3	6
495	1991	 9	 4.0	6
495	1991	10	 1.8	6
495	1991	11	-3.8	6
495	1991	12	-3.3	6
495	1992	 1	-0.6	6
495	1992	 2	-4.4	6
495	1992	 3	-4.1	6
495	1992	 4	-1.4	6
495	1992	 5	 4.5	6
495	1992	 6	 7.5	6
495	1992	 7	 7.8	6
495	1992	 8	 7.1	6
495	1992	 9	 4.2	6
495	1992	10	 0.4	6
495	1992	11	-3.6	6
495	1992	12	-4.1	6
495	1993	 1	-7.5	6
495	1993	 2	-3.7	6
495	1993	 3	-2.6	6
495	1993	 4	-0.2	6
495	1993	 5	 2.8	6
495	1993	 6	 5.8	6
495	1993	 7	 4.7	6
495	1993	 8	 6.8	6
495	1993	 9	 6.5	6
495	1993	10	 0.5	6
495	1993	11	 1.5	6
495	1993	12	-5.9	6
495	1994	 1	-7.2	6
495	1994	 2	-3.9	6
495	1994	 3	-6.0	6
495	1994	 4	-3.3	6
495	1994	 5	 3.9	6
495	1994	 6	 5.5	6
495	1994	 7	11.8	6
495	1994	 8	 9.3	6
495	1994	 9	 3.3	6
495	1994	10	-0.9	6
495	1994	11	-1.1	6
495	1994	12	-4.7	6
495	1995	 1	-6.2	6
495	1995	 2	-8.0	6
495	1995	 3	-6.2	6
495	1995	 4	-3.5	6
495	1995	 5	 0.8	6
495	1995	 6	 8.3	6
495	1995	 7	 7.7	6
495	1995	 8	 9.8	6
495	1995	 9	 3.8	6
495	1995	10	-0.2	6
495	1995	11	-2.3	6
495	1995	12	-6.7	6
495	1996	 1	-1.8	6
495	1996	 2	-4.8	6
495	1996	 3	-0.6	6
495	1996	 4	 0.1	6
495	1996	 5	 3.3	6
495	1996	 6	 6.9	6
495	1996	 7	 9.8	6
495	1996	 8	 8.5	6
495	1996	 9	 9.2	6
495	1996	10	 0.9	6
495	1996	11	-8.2	6
495	1996	12	-6.1	6
495	1997	 1	-4.6	6
495	1997	 2	-5.5	6
495	1997	 3	-4.6	6
495	1997	 4	-0.5	6
495	1997	 5	 1.8	6
495	1997	 6	 5.7	6
495	1997	 7	11.8	6
495	1997	 8	 9.2	6
495	1997	 9	 4.9	6
495	1997	10	 0.6	6
495	1997	11	-0.0	6
495	1997	12	-1.7	6
495	1998	 1	-4.1	6
495	1998	 2	-6.7	6
495	1998	 3	-6.7	6
495	1998	 4	-1.8	6
495	1998	 5	 4.3	6
495	1998	 6	 5.0	6
495	1998	 7	 7.1	6
495	1998	 8	 8.7	6
495	1998	 9	 3.9	6
495	1998	10	-1.6	6
495	1998	11	-3.0	6
495	1998	12	-3.3	6
495	1999	 1	-4.8	6
495	1999	 2	-5.5	6
495	1999	 3	-6.8	6
495	1999	 4	-2.9	6
495	1999	 5	 3.1	6
495	1999	 6	 8.1	6
495	1999	 7	 9.9	6
495	1999	 8	 9.6	6
495	1999	 9	 5.5	6
495	1999	10	 1.3	6
495	1999	11	-2.2	6
495	1999	12	-5.9	6
495	2000	 1	-3.7	6
495	2000	 2	-5.6	6
495	2000	 3	-3.9	6
495	2000	 4	-3.2	6
495	2000	 5	 4.8	6
495	2000	 6	 6.9	6
495	2000	 7	11.4	6
495	2000	 8	 9.6	6
495	2000	 9	 6.0	6
495	2000	10	 1.4	6
495	2000	11	-2.6	6
495	2000	12	-4.4	6
495	2001	 1	-1.8	6
495	2001	 2	-4.5	6
495	2001	 3	-6.1	6
495	2001	 4	-2.2	6
495	2001	 5	 3.2	6
495	2001	 6	 6.2	6
495	2001	 7	 8.3	6
495	2001	 8	 7.7	6
495	2001	 9	 5.9	6
495	2001	10	 2.1	6
495	2001	11	-2.2	6
495	2001	12	-2.6	6
495	2002	 1	-4.1	6
495	2002	 2	-7.7	6
495	2002	 3	-5.5	6
495	2002	 4	 0.9	6
495	2002	 5	 3.1	6
495	2002	 6	 7.8	6
495	2002	 7	 9.1	6
495	2002	 8	 8.5	6
495	2002	 9	 7.5	6
495	2002	10	 1.2	6
495	2002	11	 1.2	6
495	2002	12	-0.4	6
495	2003	 1	-4.8	6
495	2003	 2	-0.7	6
495	2003	 3	 0.5	6
495	2003	 4	 2.4	6
495	2003	 5	 3.0	6
495	2003	 6	 8.9	6
495	2003	 7	10.4	6
495	2003	 8	11.5	6
495	2003	 9	 5.1	6
495	2003	10	 0.1	6
495	2003	11	-1.4	6
495	2003	12	-4.7	6
495	2004	 1	-5.0	6
495	2004	 2	-3.4	6
495	2004	 3	 0.4	6
495	2004	 4	 1.6	6
495	2004	 5	 3.8	6
495	2004	 6	 7.9	6
495	2004	 7	10.3	6
495	2004	 8	10.7	6
495	2004	 9	 5.9	6
495	2004	10	 0.6	6
495	2004	11	-2.7	6
495	2004	12	-5.2	6
495	2005	 1	-4.2	6
495	2005	 2	-3.7	6
495	2005	 3	-1.2	6
495	2005	 4	-0.3	6
495	2005	 5	 1.4	6
495	2005	 6	 7.3	6
495	2005	 7	11.0	6
495	2005	 8	 7.3	6
495	2005	 9	 2.0	6
495	2005	10	-1.2	6
495	2005	11	-3.4	6
495	2005	12	-2.5	6
495	2006	 1	-1.5	6
495	2006	 2	-1.3	6
495	2006	 3	-4.8	6
495	2006	 4	-2.2	6
495	2006	 5	 1.9	6
495	2006	 6	 8.9	6
495	2006	 7	10.0	6
495	2006	 8	10.2	6
495	2006	 9	 6.7	6
495	2006	10	 0.9	6
495	2006	11	-4.2	6
495	2006	12	-0.6	6
495	2007	 1	-5.8	6
495	2007	 2	-5.1	6
495	2007	 3	-1.4	6
495	2007	 4	 2.2	6
495	2007	 5	 1.6	6
495	2007	 6	 9.8	6
495	2007	 7	 9.3	6
495	2007	 8	 7.8	6
495	2007	 9	 4.0	6
495	2007	10	 2.3	6
495	2007	11	-2.3	6
495	2007	12	-2.1	6
495	2008	 1	-4.8	6
495	2008	 2	-4.3	6
495	2008	 3	-5.3	6
495	2008	 4	-3.5	6
495	2008	 5	 5.4	6
495	2008	 6	 7.0	6
495	2008	 7	11.5	6
495	2008	 8	 8.9	6
495	2008	 9	 6.7	6
495	2008	10	-2.2	6
495	2008	11	-2.5	6
495	2008	12	-4.4	6
495	2009	 1	-2.0	6
495	2009	 2	-6.1	6
495	2009	 3	-4.1	6
495	2009	 4	 0.7	6
495	2009	 5	 4.2	6
495	2009	 6	 8.3	6
495	2009	 7	 9.3	6
495	2009	 8	 8.6	6
495	2009	 9	 5.1	6
495	2009	10	 0.5	6
495	2009	11	-1.2	6
495	2009	12	-3.7	6
495	2010	 1	-2.3	6
495	2010	 2	-6.8	6
495	2010	 3	-1.9	6
495	2010	 4	-2.5	6
495	2010	 5	 3.9	6
495	2010	 6	 9.8	6
495	2010	 7	 9.9	6
495	2010	 8	 9.3	6
495	2010	 9	 7.0	6
495	2010	10	 1.7	6
495	2010	11	-4.2	6
495	2010	12	-4.9	6
495	2011	 1	-3.0	6
495	2011	 2	-2.7	6
495	2011	 3	-4.1	6
495	2011	 4	 2.3	6
495	2011	 5	 2.3	6
495	2011	 6	 3.9	6
495	2011	 7	 9.9	6
495	2011	 8	 7.7	6
495	2011	 9	 5.7	6
495	2011	10	 1.1	6
495	2011	11	 0.8	6
495	2011	12	-7.3	6
495	2012	 1	-3.0	6
495	2012	 2	-0.8	6
495	2012	 3	-0.8	6
495	2012	 4	-1.5	6
495	2012	 5	 2.6	6
495	2012	 6	 7.0	6
495	2012	 7	 9.5	6
495	2012	 8	 9.9	6
495	2012	 9	 2.9	6
495	2012	10	-1.5	6
495	2012	11	-3.7	6
495	2012	12	-4.3	6
495	2013	 1	-1.5	6
495	2013	 2	-0.7	6
495	2013	 3	-5.2	6
495	2013	 4	-5.3	6
495	2013	 5	 1.9	6
495	2013	 6	 9.2	6
495	2013	 7	10.6	6
495	2013	 8	 7.9	6
495	2013	 9	 3.4	6
495	2013	10	 0.4	6
495	2013	11	-3.3	6
495	2013	12	-5.1	6
495	2014	 1	-0.5	6
495	2014	 2	-3.1	6
495	2014	 3	-2.5	6
495	2014	 4	 0.1	6
495	2014	 5	 4.1	6
495	2014	 6	11.3	6
495	2014	 7	11.1	6
495	2014	 8	 8.0	6
495	2014	 9	 7.3	6
495	2014	10	 0.5	6
495	2014	11	 1.4	6
495	2014	12	-4.6	6
495	2015	 1	-5.1	6
495	2015	 2	-4.2	6
495	2015	 3	-2.5	6
495	2015	 4	-0.8	6
495	2015	 5	 0.4	6
495	2015	 6	 6.0	6
495	2015	 7	 6.1	6
495	2015	 8	 8.5	6
495	2015	 9	 7.7	6
495	2015	10	 2.8	6
495	2015	11	-1.9	6
495	2015	12	-4.8	6
